 	Area	StdDev	XM	YM	Slice
1	1981	988.592	72.550	80.354	53
2	1953	1013.193	72.843	80.703	54
3	1932	1021.583	74.016	80.309	55
4	1904	1021.603	73.194	80.611	56
5	1883	1033.493	74.288	80.463	57
6	1860	1043.240	75.772	81.385	58
7	1839	1045.024	75.820	82.310	59
8	1817	1047.856	75.630	82.747	60
9	1784	1056.646	76.306	83.136	61
10	1769	1063.644	75.975	82.679	62
11	1750	1069.046	76.552	83.562	63
12	1720	1079.995	77.606	84.743	64
13	1702	1092.057	78.033	85.060	65
14	1685	1108.891	77.318	85.947	66
15	1672	1129.096	78.213	84.441	67
16	1643	1147.379	77.640	84.794	68
17	1624	1165.518	77.066	85.114	69
18	1597	1187.645	76.587	85.412	70
19	1579	1205.613	76.811	85.196	71
20	1557	1229.480	77.213	86.468	72
21	1542	1232.205	77.144	86.759	73
22	1530	1244.298	77.885	86.984	74
23	1502	1268.131	77.671	84.848	75
24	1483	1275.227	77.411	87.439	76
25	1468	1289.529	77.603	85.720	77
26	1441	1314.564	77.733	85.118	78
27	1433	1312.864	77.746	87.156	79
28	1416	1335.338	78.678	87.173	80
29	1404	1351.293	78.520	85.538	81
30	1385	1367.134	78.885	85.776	82
31	1373	1376.364	79.396	86.575	83
32	1358	1398.144	77.956	85.140	84
33	1334	1420.553	78.336	85.929	85
34	1315	1452.973	78.144	85.123	86
35	1306	1479.873	77.520	86.704	87
36	1279	1507.788	78.023	87.386	88
37	1272	1541.036	78.132	87.671	89
38	1246	1565.005	77.316	87.439	90
39	1230	1621.406	76.779	88.632	91
40	1213	1640.427	76.569	88.685	92
41	1202	1689.272	77.635	88.454	93
42	1176	1738.981	77.952	88.129	94
43	1156	1763.434	77.682	87.439	95
44	1138	1809.635	77.582	86.681	96
45	1122	1828.713	77.919	86.776	97
46	1108	1871.681	78.313	87.360	98
47	1093	1924.366	78.159	88.995	99
48	1078	1929.019	78.882	87.835	100
49	1059	1949.624	77.763	88.286	101
50	1051	1979.358	78.815	89.351	102
51	1042	1984.313	79.367	88.846	103
52	1033	1998.555	79.663	88.942	104
53	1020	2007.702	79.250	89.149	105
54	1011	2008.069	79.238	88.978	106
55	995	2012.056	79.285	89.593	107
56	987	2022.877	78.650	89.343	108
57	979	2028.702	79.039	90.196	109
58	966	2028.069	79.169	90.245	110
59	957	2043.799	78.539	89.481	111
60	943	2037.357	78.118	89.502	112
61	929	2035.327	77.992	90.945	113
62	911	2039.672	77.970	91.106	114
63	901	2077.101	78.288	91.661	115
64	889	2072.624	78.413	91.468	116
65	869	2098.063	77.488	92.566	117
66	859	2145.040	78.216	92.914	118
67	843	2193.554	78.204	92.538	119
68	823	2240.624	78.521	92.903	120
69	816	2307.005	78.053	91.315	121
70	803	2399.774	77.029	89.941	122
71	784	2481.328	78.207	90.001	123
72	785	2570.267	77.299	90.612	124
73	779	2683.646	76.759	90.643	125
74	769	2729.644	75.966	90.186	126
75	765	2835.099	76.185	90.664	127
76	759	2937.103	75.709	91.681	128
77	759	3042.182	76.374	90.525	129
78	757	3142.784	76.500	90.715	130
79	753	3244.407	76.454	90.457	131
80	743	3329.556	75.228	90.431	132
81	744	3430.247	74.427	90.011	133
82	738	3518.730	75.272	90.507	134
83	734	3590.103	75.505	89.927	135
84	730	3702.703	74.796	89.668	136
85	729	3784.812	75.130	90.315	137
86	725	3877.045	74.513	90.027	138
87	724	3964.813	74.246	90.005	139
88	717	4055.918	74.486	90.551	140
89	713	4179.689	75.263	89.488	141
90	704	4289.836	75.678	89.602	142
91	702	4397.595	76.279	90.337	143
92	692	4527.758	76.594	91.339	144
93	685	4610.321	76.659	93.747	145
94	685	4715.972	76.007	94.615	146
95	671	4823.443	76.038	93.955	147
96	658	4944.959	74.909	94.365	148
97	647	5043.962	74.910	95.303	149
98	640	5109.317	75.361	95.933	150
99	618	5275.960	75.075	94.668	151
100	596	5382.619	75.826	94.809	152
101	578	5506.366	75.491	93.507	153
102	572	5629.089	76.083	94.886	154
103	569	5703.911	75.238	95.146	155
104	554	5866.769	75.396	94.396	156
105	544	6013.758	74.980	93.086	157
106	537	6121.013	76.852	92.007	158
107	533	6320.243	76.442	90.842	159
108	525	6520.860	76.352	90.487	160
109	524	6589.226	77.331	90.535	161
110	524	6737.049	77.531	91.134	162
111	521	6850.921	77.751	92.996	163
112	519	7011.339	78.490	93.661	164
113	515	7233.956	78.620	94.025	165
114	513	7393.761	78.560	94.858	166
115	513	7649.347	79.178	95.905	167
116	507	7684.009	78.857	95.361	168
117	511	7826.784	78.938	95.393	169
118	510	8000.488	79.376	94.915	170
119	512	8102.218	79.684	94.129	171
120	515	8195.262	79.591	94.929	172
121	510	8389.865	78.589	94.467	173
122	515	8512.355	77.728	93.649	174
123	511	8675.185	78.661	93.518	175
124	518	8760.937	78.093	92.974	176
125	518	8874.167	78.377	93.145	177
126	513	9026.465	77.849	93.603	178
127	518	9125.107	77.753	93.115	179
128	519	9238.234	77.704	93.241	180
129	526	9271.724	78.343	93.628	181
130	520	9449.926	77.415	94.410	182
131	521	9534.883	76.869	94.493	183
132	520	9637.437	77.729	92.506	184
133	524	9714.937	77.632	92.521	185
134	531	9790.818	76.235	91.543	186
135	529	9895.733	76.186	91.119	187
136	530	10027.108	75.325	92.309	188
137	526	10077.977	74.946	92.573	189
138	530	10095.618	76.432	92.540	190
139	531	10137.633	76.500	91.667	191
140	533	10170.221	77.821	90.048	192
141	533	10236.674	78.247	89.982	193
142	536	10278.685	78.469	90.566	194
143	534	10327.440	78.109	90.517	195
144	533	10378.679	78.369	90.920	196
145	535	10419.464	78.407	91.386	197
146	529	10500.345	78.817	90.522	198
147	530	10555.574	78.923	91.230	199
148	527	10584.344	79.073	91.406	200
149	529	10605.732	79.735	91.892	201
150	531	10634.120	80.019	91.542	202
151	526	10718.579	78.937	91.039	203
152	519	10701.727	79.897	91.459	204
153	521	10766.349	79.682	90.922	205
154	521	10791.219	80.164	90.161	206
155	510	10857.444	79.803	90.809	207
156	506	10869.127	79.404	89.782	208
157	494	11011.227	80.450	90.104	209
158	488	11049.930	80.061	89.489	210
159	481	11073.313	79.701	90.347	211
160	469	11128.617	79.832	91.693	212
161	458	11262.953	79.787	90.733	213
162	440	11393.229	80.265	90.646	214
163	423	11486.878	80.294	91.182	215
164	411	11595.788	79.723	90.741	216
165	387	11696.668	79.886	90.918	217
166	366	11876.185	79.637	91.102	218
167	359	11887.526	79.237	90.921	219
168	344	11948.940	78.696	89.264	220
169	329	11920.172	78.493	89.711	221
170	313	12028.645	78.723	89.496	222
171	302	12054.791	78.687	89.789	223
172	291	12034.061	79.122	90.183	224
173	290	11956.433	78.786	89.622	225
174	287	11921.843	78.681	89.568	226
175	286	11790.460	78.278	88.657	227
176	278	11781.879	78.946	88.219	228
177	280	11727.020	79.038	89.015	229
178	277	11640.755	79.097	88.563	230
179	280	11483.952	79.724	87.794	231
180	279	11469.016	79.850	87.726	232
181	280	11387.907	79.363	88.708	233
182	283	11302.865	79.459	88.166	234
183	279	11248.078	79.971	89.094	235
184	285	11145.659	79.581	89.309	236
185	282	11075.420	79.848	89.326	237
186	281	11009.473	79.907	89.737	238
187	284	10885.050	80.460	90.413	239
188	283	10874.454	80.864	91.162	240
189	285	10714.365	80.395	90.663	241
190	282	10652.439	80.013	90.359	242
191	284	10549.386	79.390	90.725	243
192	288	10380.440	79.279	91.159	244
193	288	10350.467	79.417	90.864	245
194	290	10276.988	79.347	90.789	246
195	285	10159.722	79.132	90.295	247
196	289	10084.105	79.037	89.563	248
197	289	10025.440	79.218	91.681	249
198	294	9915.208	79.563	91.091	250
199	295	9837.358	79.256	90.517	251
200	296	9722.210	79.100	92.494	252
201	296	9638.772	79.041	92.863	253
202	299	9575.125	79.429	92.751	254
203	302	9499.951	79.124	92.201	255
204	300	9349.967	78.207	91.842	256
205	303	9285.469	77.981	91.552	257
206	304	9184.136	77.775	92.114	258
207	302	9084.767	77.090	91.199	259
208	310	8892.109	77.170	91.817	260
209	309	8875.915	77.604	91.973	261
210	305	8757.764	77.408	92.620	262
211	314	8681.755	77.334	92.956	263
212	317	8595.992	77.817	93.107	264
213	311	8443.294	77.619	92.461	265
214	320	8388.651	77.979	91.197	266
215	317	8285.825	77.853	91.607	267
216	323	8140.596	77.632	92.958	268
217	322	8098.955	78.189	94.108	269
218	326	8013.421	77.719	94.384	270
219	323	7927.409	80.088	93.700	271
220	327	7807.944	81.095	94.328	272
221	327	7743.036	81.860	95.332	273
222	329	7668.811	81.509	94.924	274
223	335	7575.444	81.374	93.479	275
224	329	7464.670	81.819	93.936	276
225	332	7392.036	80.831	93.717	277
226	335	7310.393	79.960	93.144	278
227	340	7255.362	79.676	92.414	279
228	340	7166.095	79.450	92.851	280
229	334	7061.516	79.978	94.028	281
230	346	6993.215	81.574	94.667	282
231	348	6909.819	80.730	93.873	283
232	352	6801.721	79.689	95.301	284
233	353	6725.059	80.741	95.604	285
234	351	6622.036	79.734	94.515	286
235	350	6586.165	78.921	94.158	287
236	354	6507.523	79.400	93.514	288
237	358	6402.429	78.441	93.089	289
238	365	6308.780	77.891	93.135	290
239	362	6227.308	77.790	94.566	291
240	363	6165.125	78.766	94.750	292
241	370	6082.706	79.249	95.808	293
242	364	5965.649	79.575	95.225	294
243	371	5930.597	79.057	95.103	295
244	374	5868.270	79.838	94.249	296
245	373	5775.029	79.255	95.772	297
246	378	5728.094	80.278	95.093	298
247	380	5606.850	80.050	95.592	299
248	379	5562.374	79.469	96.047	300
249	381	5473.008	79.620	96.410	301
250	383	5401.980	78.764	96.378	302
251	387	5331.641	78.841	96.279	303
252	391	5270.221	79.041	95.878	304
253	391	5145.416	79.991	95.920	305
254	395	5097.223	79.054	95.694	306
255	397	5049.951	78.977	96.771	307
256	396	4980.988	75.521	98.535	308
257	400	4888.200	75.483	97.551	309
258	405	4791.667	77.331	96.410	310
259	411	4782.799	78.683	95.282	311
260	407	4691.484	78.904	95.737	312
261	405	4618.510	79.773	95.986	313
262	413	4574.419	79.379	96.358	314
263	417	4478.215	78.419	94.377	315
264	416	4451.207	78.446	95.066	316
265	421	4315.391	78.831	96.522	317
266	424	4274.252	79.375	96.514	318
267	423	4230.123	80.084	95.937	319
268	427	4162.810	79.230	94.819	320
269	432	4105.090	78.487	93.569	321
270	434	4034.645	78.103	92.583	322
271	435	4020.987	78.496	90.892	323
272	433	3954.944	78.296	91.813	324
273	439	3898.344	78.934	90.873	325
274	430	3805.514	78.575	91.504	326
275	445	3769.615	80.045	94.225	327
276	444	3746.165	79.596	93.014	328
277	444	3702.764	79.039	94.178	329
278	452	3641.818	79.477	94.955	330
279	445	3587.063	79.740	94.430	331
280	450	3533.423	79.085	95.105	332
281	456	3477.710	78.843	94.939	333
282	456	3409.570	76.998	93.802	334
283	456	3364.820	77.567	95.322	335
284	462	3292.255	76.309	94.786	336
285	458	3278.872	78.613	94.322	337
286	459	3217.240	76.657	94.714	338
287	467	3148.809	76.282	94.691	339
288	465	3143.805	75.846	95.143	340
289	471	3088.846	76.946	95.215	341
290	467	3023.749	76.316	95.441	342
291	468	2997.456	76.998	95.462	343
292	476	2946.235	76.816	96.037	344
293	475	2925.085	78.030	95.755	345
294	472	2844.623	76.963	96.103	346
295	479	2810.084	77.365	97.855	347
296	486	2767.453	76.366	96.450	348
297	483	2713.857	76.827	96.501	349
298	488	2678.562	75.834	96.085	350
299	488	2647.524	75.111	95.585	351
300	492	2616.723	75.552	94.867	352
301	491	2562.196	75.553	94.069	353
302	501	2514.390	75.237	93.464	354
303	495	2468.134	74.947	94.117	355
304	498	2430.249	74.699	93.503	356
305	499	2376.799	74.766	95.324	357
306	503	2336.924	74.914	94.655	358
307	503	2302.803	74.742	93.517	359
308	503	2266.647	73.865	93.573	360
309	502	2253.838	72.408	94.028	361
310	507	2198.872	72.050	94.969	362
311	507	2154.138	73.572	95.051	363
312	506	2126.734	74.301	95.828	364
313	506	2093.762	74.314	97.106	365
314	509	2068.995	73.468	96.079	366
315	512	2028.642	73.239	95.248	367
316	513	1993.226	72.442	94.823	368
317	514	1972.090	73.127	94.228	369
318	520	1945.891	72.807	93.757	370
319	518	1904.200	74.013	92.329	371
320	520	1872.262	73.357	94.019	372
321	526	1840.917	74.396	94.611	373
322	518	1809.109	73.981	96.479	374
323	523	1769.869	74.722	96.008	375
324	520	1746.017	74.646	94.080	376
325	527	1724.604	75.398	94.570	377
326	531	1687.797	74.924	94.055	378
327	527	1658.999	74.867	95.237	379
328	528	1627.319	74.254	95.293	380
329	528	1583.413	72.772	97.401	381
330	527	1571.082	73.062	98.822	382
331	527	1525.709	73.163	96.474	383
332	532	1503.601	72.302	96.575	384
333	539	1484.807	73.093	97.087	385
334	540	1465.155	72.617	97.807	386
335	533	1437.777	72.655	97.338	387
336	540	1398.696	72.978	95.852	388
337	542	1386.173	73.418	95.558	389
338	533	1344.459	72.662	96.774	390
339	540	1332.507	72.068	96.221	391
340	540	1304.634	71.801	96.298	392
341	541	1277.219	71.807	96.598	393
342	543	1251.680	72.022	97.632	394
343	537	1215.742	72.622	96.621	395
344	542	1192.548	72.580	96.739	396
345	541	1178.584	73.928	97.230	397
346	544	1167.722	73.883	98.084	398
347	545	1131.735	73.021	97.323	399
348	542	1114.177	74.694	97.366	400
349	545	1093.220	75.833	97.623	401
