 	Area	StdDev	XM	YM	Slice
1	51	64.065	125.780	112.488	11
2	1991	1003.593	94.687	81.705	49
3	1981	1009.073	96.133	82.162	50
4	1948	1030.266	96.148	81.934	51
5	1938	1033.625	96.317	82.171	52
6	1901	1054.343	95.505	81.851	53
7	1887	1057.780	95.697	81.882	54
8	1880	1055.390	95.391	81.926	55
9	1852	1068.970	95.763	82.694	56
10	1829	1072.126	95.968	82.296	57
11	1809	1078.405	95.033	82.174	58
12	1781	1087.661	94.667	81.922	59
13	1769	1089.886	95.748	82.008	60
14	1744	1103.679	97.028	81.955	61
15	1723	1101.887	97.337	81.974	62
16	1692	1137.250	96.558	81.983	63
17	1673	1142.918	97.911	82.927	64
18	1641	1163.377	96.755	83.407	65
19	1627	1184.718	96.635	82.305	66
20	1604	1196.104	96.606	82.490	67
21	1581	1203.246	96.819	82.283	68
22	1569	1219.456	96.097	81.801	69
23	1545	1239.528	95.430	81.898	70
24	1525	1261.022	95.041	82.539	71
25	1511	1280.338	95.086	82.178	72
26	1490	1278.389	95.597	82.244	73
27	1475	1294.776	95.915	82.694	74
28	1459	1294.807	96.416	81.047	75
29	1441	1321.239	96.542	83.683	76
30	1428	1316.622	96.939	82.648	77
31	1404	1323.652	96.228	81.702	78
32	1376	1351.665	96.730	84.242	79
33	1371	1341.073	96.990	82.216	80
34	1360	1348.391	95.908	81.479	81
35	1341	1365.156	96.084	81.950	82
36	1327	1369.397	97.076	82.165	83
37	1311	1384.604	96.663	82.275	84
38	1294	1398.898	97.685	82.522	85
39	1273	1426.809	97.750	83.793	86
40	1263	1437.773	96.312	82.112	87
41	1243	1463.974	96.421	81.869	88
42	1219	1502.557	97.921	83.380	89
43	1200	1524.461	96.939	83.134	90
44	1186	1559.184	97.609	83.045	91
45	1172	1583.737	96.701	83.012	92
46	1151	1613.734	96.973	82.662	93
47	1135	1647.952	97.118	82.375	94
48	1126	1680.439	96.955	82.802	95
49	1107	1716.861	97.248	83.113	96
50	1097	1752.056	97.838	84.632	97
51	1083	1773.750	97.617	82.937	98
52	1064	1804.502	96.645	82.165	99
53	1058	1817.855	97.546	82.686	100
54	1043	1817.397	97.285	82.980	101
55	1031	1850.619	96.888	82.303	102
56	1019	1852.127	97.002	82.791	103
57	1007	1863.218	96.327	82.900	104
58	993	1843.160	97.958	83.896	105
59	985	1857.913	98.422	84.222	106
60	975	1856.081	97.902	83.461	107
61	970	1870.343	98.457	83.395	108
62	946	1860.333	97.772	83.012	109
63	941	1868.627	97.052	82.312	110
64	919	1858.168	97.646	82.493	111
65	913	1857.791	97.779	83.043	112
66	901	1865.763	97.279	82.063	113
67	892	1887.280	96.756	82.648	114
68	871	1892.058	98.212	83.502	115
69	857	1899.679	96.350	82.916	116
70	847	1945.610	96.025	82.970	117
71	833	1963.985	95.722	82.174	118
72	818	1996.060	96.133	81.844	119
73	805	2051.055	95.333	81.304	120
74	793	2116.997	96.210	81.986	121
75	779	2179.619	95.773	81.634	122
76	776	2274.334	96.225	81.902	123
77	776	2375.070	97.093	82.542	124
78	764	2455.130	95.786	82.088	125
79	758	2529.090	96.119	82.082	126
80	749	2614.140	95.732	81.847	127
81	741	2705.393	96.986	82.809	128
82	738	2804.888	97.386	82.758	129
83	738	2898.489	96.602	82.710	130
84	729	3003.852	96.466	82.684	131
85	732	3108.980	97.846	82.547	132
86	725	3208.120	97.387	82.255	133
87	728	3322.343	96.989	83.035	134
88	723	3421.958	97.705	83.569	135
89	720	3545.493	96.793	82.140	136
90	715	3610.928	96.650	82.870	137
91	713	3707.765	96.756	82.053	138
92	708	3796.708	96.528	82.788	139
93	695	3908.087	97.042	82.854	140
94	689	4033.110	96.446	83.000	141
95	688	4149.145	96.190	82.498	142
96	673	4274.696	96.654	82.860	143
97	671	4385.816	97.043	82.200	144
98	657	4490.255	96.904	82.394	145
99	647	4618.913	97.054	83.363	146
100	632	4689.455	97.452	82.808	147
101	623	4824.397	97.770	82.554	148
102	608	4964.233	96.939	83.603	149
103	604	5048.293	97.228	82.831	150
104	579	5185.097	97.313	82.715	151
105	570	5334.209	96.906	82.689	152
106	561	5431.403	96.437	82.626	153
107	554	5604.727	96.551	83.217	154
108	535	5706.336	97.242	82.587	155
109	540	5837.562	96.720	82.594	156
110	526	5988.175	96.270	82.606	157
111	524	6167.491	96.529	82.549	158
112	515	6342.155	97.103	82.954	159
113	515	6514.195	97.585	82.714	160
114	515	6634.842	97.201	82.723	161
115	509	6792.282	97.843	82.761	162
116	511	6957.097	97.693	82.841	163
117	505	7102.117	96.788	82.789	164
118	502	7292.063	96.595	82.667	165
119	503	7424.340	96.228	81.782	166
120	505	7625.238	96.909	82.263	167
121	508	7741.186	96.714	82.026	168
122	506	7929.111	97.073	82.117	169
123	500	8167.932	97.756	83.602	170
124	508	8248.941	97.348	82.995	171
125	505	8361.116	98.035	82.820	172
126	508	8542.123	98.254	83.110	173
127	506	8627.130	97.969	83.198	174
128	509	8793.046	97.908	83.587	175
129	510	8884.507	97.868	82.883	176
130	508	9038.671	97.457	82.744	177
131	512	9123.454	96.097	82.658	178
132	515	9226.381	96.747	83.149	179
133	515	9337.915	96.994	84.436	180
134	514	9432.425	96.611	82.953	181
135	510	9564.906	96.353	83.559	182
136	516	9607.649	95.625	83.215	183
137	517	9745.306	96.608	83.347	184
138	522	9829.246	96.847	82.839	185
139	521	9907.168	97.544	83.712	186
140	519	9997.177	97.024	83.699	187
141	520	10164.003	97.935	83.728	188
142	516	10244.659	98.358	82.777	189
143	524	10224.567	97.143	82.194	190
144	527	10260.797	96.978	82.990	191
145	525	10323.239	96.572	82.853	192
146	520	10390.358	96.565	82.373	193
147	521	10457.212	96.344	83.306	194
148	519	10543.463	97.522	84.523	195
149	526	10526.516	96.884	84.424	196
150	520	10619.765	97.677	85.253	197
151	518	10642.016	97.579	86.022	198
152	517	10693.624	97.817	85.396	199
153	522	10703.036	96.872	85.307	200
154	520	10750.863	98.222	86.008	201
155	513	10816.021	97.869	85.603	202
156	511	10892.627	98.176	86.240	203
157	504	10923.693	100.366	87.731	204
158	506	10961.739	99.320	87.568	205
159	499	11052.733	100.013	85.939	206
160	490	11097.987	99.769	85.718	207
161	484	11146.296	100.050	87.757	208
162	474	11250.506	99.192	87.022	209
163	452	11393.403	99.102	87.214	210
164	444	11448.738	98.599	87.441	211
165	406	11703.675	99.057	88.153	212
166	397	11804.880	99.076	88.430	213
167	364	12044.981	99.959	88.632	214
168	336	12215.932	99.866	89.429	215
169	320	12348.607	99.294	87.295	216
170	309	12328.835	99.860	87.110	217
171	303	12348.278	99.152	87.377	218
172	291	12370.194	99.629	87.527	219
173	282	12353.737	99.922	88.063	220
174	281	12246.740	100.131	87.030	221
175	275	12231.116	99.351	87.024	222
176	270	12167.282	98.631	87.527	223
177	271	12139.679	98.043	86.511	224
178	276	11966.253	98.270	86.611	225
179	268	11978.094	99.026	88.258	226
180	267	11913.132	99.772	87.167	227
181	267	11825.736	99.670	88.081	228
182	266	11710.808	98.954	87.843	229
183	269	11616.114	98.949	88.181	230
184	265	11541.493	98.969	87.159	231
185	265	11462.168	99.195	87.051	232
186	269	11406.350	99.830	87.461	233
187	267	11310.354	99.440	87.018	234
188	270	11211.798	98.867	87.583	235
189	266	11123.487	99.748	88.019	236
190	268	11065.842	99.650	88.244	237
191	273	10934.662	99.064	87.450	238
192	275	10866.201	98.800	87.666	239
193	273	10821.550	98.280	88.121	240
194	274	10696.273	98.512	88.177	241
195	278	10641.786	99.353	88.280	242
196	279	10566.084	98.624	87.448	243
197	282	10351.127	98.217	87.361	244
198	280	10329.867	98.118	87.372	245
199	278	10206.400	99.129	87.469	246
200	276	10086.678	99.164	87.945	247
201	283	10024.314	99.526	88.411	248
202	279	9980.053	98.921	87.768	249
203	284	9844.105	98.684	87.499	250
204	284	9705.631	98.751	88.133	251
205	282	9649.646	98.850	87.776	252
206	286	9531.787	98.685	88.040	253
207	290	9487.450	98.470	88.370	254
208	292	9438.902	98.649	87.392	255
209	289	9243.012	98.611	88.580	256
210	288	9174.545	99.080	88.549	257
211	291	9098.533	98.610	88.548	258
212	297	9011.590	99.046	88.136	259
213	294	8885.679	99.277	87.722	260
214	297	8849.651	98.899	88.008	261
215	294	8660.870	99.313	87.473	262
216	302	8602.372	99.755	87.061	263
217	302	8517.071	99.230	86.826	264
218	300	8370.639	99.573	87.493	265
219	301	8291.254	98.922	86.478	266
220	309	8218.227	98.514	85.974	267
221	306	8095.837	98.348	85.209	268
222	310	8051.511	97.943	84.659	269
223	310	7933.800	98.123	85.240	270
224	314	7839.750	97.851	85.058	271
225	310	7747.735	98.109	84.390	272
226	313	7662.546	98.212	84.812	273
227	318	7592.566	97.077	85.106	274
228	319	7500.927	97.631	84.874	275
229	317	7419.113	98.277	84.772	276
230	320	7316.159	98.405	84.055	277
231	321	7235.389	98.427	84.273	278
232	322	7160.016	98.121	84.209	279
233	324	7071.616	99.112	84.054	280
234	325	6991.270	98.194	84.517	281
235	329	6906.109	98.172	84.460	282
236	328	6796.274	97.603	84.254	283
237	329	6702.220	97.118	85.855	284
238	333	6615.052	98.182	86.320	285
239	335	6551.361	99.038	85.441	286
240	338	6508.668	98.502	85.750	287
241	330	6377.310	98.873	85.847	288
242	343	6322.949	98.493	85.720	289
243	343	6233.386	98.657	85.689	290
244	344	6115.100	98.678	85.630	291
245	343	6058.055	97.991	85.918	292
246	344	5976.650	98.283	86.073	293
247	353	5866.342	98.432	86.641	294
248	355	5802.715	98.365	86.841	295
249	349	5739.616	98.901	86.053	296
250	356	5690.139	99.178	86.107	297
251	356	5617.322	100.206	86.254	298
252	356	5499.345	99.417	85.873	299
253	359	5429.985	99.839	86.639	300
254	364	5347.393	100.133	85.830	301
255	362	5262.221	99.782	86.210	302
256	369	5228.116	99.559	85.881	303
257	370	5147.973	100.538	85.931	304
258	369	5070.096	99.751	85.821	305
259	370	4985.034	99.167	85.932	306
260	376	4960.617	98.958	85.997	307
261	379	4884.608	98.693	86.010	308
262	375	4780.855	98.756	85.468	309
263	382	4726.700	98.886	85.892	310
264	381	4655.464	99.908	85.975	311
265	383	4585.094	99.374	86.136	312
266	384	4512.874	99.096	86.606	313
267	386	4457.374	99.448	86.289	314
268	382	4365.367	99.263	87.349	315
269	391	4328.467	99.614	86.836	316
270	388	4210.369	99.213	86.380	317
271	390	4164.470	98.747	86.828	318
272	398	4143.980	99.598	86.138	319
273	396	4058.454	99.954	86.186	320
274	397	4003.973	99.824	87.036	321
275	401	3954.209	98.866	86.778	322
276	401	3876.521	98.938	87.254	323
277	401	3821.821	100.251	86.791	324
278	406	3767.099	99.638	87.066	325
279	403	3696.373	100.070	87.282	326
280	409	3658.540	99.600	87.068	327
281	407	3583.920	99.960	87.114	328
282	408	3569.912	99.798	86.670	329
283	408	3504.473	100.221	86.743	330
284	416	3456.242	100.902	86.575	331
285	422	3398.244	100.414	87.199	332
286	417	3332.686	100.496	87.783	333
287	417	3249.692	99.839	87.284	334
288	423	3232.589	99.423	86.988	335
289	420	3180.853	98.536	87.567	336
290	419	3134.324	98.764	88.045	337
291	425	3081.411	98.720	87.446	338
292	428	3028.383	99.761	88.049	339
293	427	2996.042	100.211	88.068	340
294	427	2939.538	101.003	88.236	341
295	433	2871.008	101.055	88.155	342
296	429	2847.831	100.509	87.109	343
297	430	2806.944	99.000	87.034	344
298	431	2773.382	99.642	87.376	345
299	433	2730.339	99.757	87.757	346
300	432	2686.126	99.503	86.852	347
301	435	2663.333	99.353	86.386	348
302	442	2591.770	99.844	86.568	349
303	439	2558.457	99.127	87.431	350
304	442	2508.501	99.204	87.331	351
305	446	2495.991	99.866	86.430	352
306	443	2459.811	99.660	87.023	353
307	443	2398.623	99.975	86.677	354
308	438	2357.782	99.996	86.378	355
309	447	2300.574	99.948	86.186	356
310	444	2242.278	99.913	87.861	357
311	450	2215.208	101.358	87.283	358
312	448	2192.219	100.154	87.852	359
313	450	2153.490	99.553	87.179	360
314	451	2121.764	99.926	86.379	361
315	451	2093.742	100.057	86.554	362
316	454	2048.378	100.595	85.188	363
317	459	2026.692	101.247	85.643	364
318	454	1976.116	100.820	85.933	365
319	454	1961.893	101.313	86.309	366
320	457	1911.097	101.020	86.750	367
321	457	1884.118	101.347	85.405	368
322	457	1856.178	100.527	86.265	369
323	457	1811.776	101.355	86.597	370
324	459	1785.009	100.475	86.838	371
325	463	1761.153	100.117	86.555	372
326	460	1727.515	99.418	86.270	373
327	461	1699.907	99.085	86.516	374
328	465	1661.478	99.768	86.506	375
329	459	1637.067	99.052	85.780	376
330	461	1591.028	99.110	86.933	377
331	455	1553.108	99.161	86.669	378
332	456	1537.170	99.018	85.442	379
333	462	1526.891	99.205	85.779	380
334	460	1494.411	99.260	85.677	381
335	462	1443.972	99.735	85.794	382
336	466	1415.747	99.670	86.483	383
337	460	1387.320	99.031	87.362	384
338	464	1372.804	98.932	87.206	385
339	466	1341.345	99.156	87.213	386
340	458	1316.685	99.099	86.310	387
341	465	1291.479	99.433	85.425	388
342	460	1267.587	99.383	85.574	389
343	460	1239.237	99.017	87.557	390
344	459	1203.035	99.300	87.688	391
345	459	1179.209	99.442	87.256	392
346	467	1165.725	99.349	85.557	393
347	459	1124.160	99.812	84.793	394
348	459	1115.321	99.628	85.928	395
349	459	1101.000	98.830	85.652	396
350	454	1068.144	98.589	85.411	397
351	459	1062.771	98.500	85.555	398
352	456	1032.284	97.983	85.253	399
353	456	1010.458	97.715	86.007	400
354	451	993.231	97.786	84.889	401
