 	Area	StdDev	XM	YM	Slice
1	1972	1019.880	91.515	94.423	72
2	1948	1023.915	91.542	92.944	73
3	1942	1027.398	91.140	93.357	74
4	1904	1039.076	91.679	93.963	75
5	1887	1053.978	91.788	94.260	76
6	1856	1051.945	92.185	93.046	77
7	1842	1064.533	91.301	95.039	78
8	1830	1064.753	92.022	94.612	79
9	1795	1072.129	91.616	93.152	80
10	1784	1082.544	92.695	93.231	81
11	1757	1086.567	93.307	93.404	82
12	1743	1106.454	91.993	93.638	83
13	1728	1114.688	91.249	94.099	84
14	1704	1132.387	90.830	93.310	85
15	1686	1147.847	92.149	93.149	86
16	1666	1159.913	91.217	92.794	87
17	1643	1184.414	93.114	94.116	88
18	1633	1202.391	93.086	93.866	89
19	1617	1206.181	91.310	92.343	90
20	1576	1236.261	90.951	92.477	91
21	1561	1258.059	92.781	93.786	92
22	1540	1273.647	93.379	93.477	93
23	1520	1297.533	91.850	92.740	94
24	1503	1307.788	92.025	93.473	95
25	1468	1325.486	93.085	93.913	96
26	1459	1344.078	92.197	94.249	97
27	1440	1363.106	91.776	93.803	98
28	1426	1362.565	92.036	94.162	99
29	1415	1381.847	91.858	94.327	100
30	1394	1398.302	91.635	94.808	101
31	1383	1412.906	91.912	94.560	102
32	1359	1430.915	91.828	94.090	103
33	1346	1450.781	90.842	93.422	104
34	1327	1475.007	91.625	93.997	105
35	1311	1494.638	91.199	94.055	106
36	1298	1531.375	91.476	94.050	107
37	1275	1557.551	90.223	93.966	108
38	1253	1589.927	90.947	94.356	109
39	1238	1626.332	90.783	92.876	110
40	1212	1653.014	90.872	93.780	111
41	1194	1691.046	91.629	94.643	112
42	1176	1724.566	92.373	94.170	113
43	1155	1762.469	92.449	94.299	114
44	1143	1796.226	91.518	94.495	115
45	1134	1830.488	91.786	94.022	116
46	1113	1838.611	91.615	93.663	117
47	1103	1857.803	91.568	93.877	118
48	1089	1890.253	91.031	94.319	119
49	1082	1893.036	90.549	93.929	120
50	1070	1904.698	91.178	94.320	121
51	1048	1916.629	90.597	93.065	122
52	1040	1935.561	90.413	92.987	123
53	1028	1946.607	90.531	92.088	124
54	1014	1955.133	90.506	92.364	125
55	1005	1959.592	90.593	92.562	126
56	994	1956.459	90.256	92.441	127
57	983	1953.445	90.721	92.770	128
58	983	1986.801	90.963	92.928	129
59	962	1978.289	90.503	93.090	130
60	949	1990.147	89.702	92.833	131
61	933	2001.572	89.671	92.229	132
62	922	2004.231	90.067	92.560	133
63	909	2013.378	88.835	92.999	134
64	899	2044.085	90.261	94.244	135
65	880	2088.759	88.755	92.478	136
66	872	2103.365	89.254	93.295	137
67	857	2156.851	89.584	92.688	138
68	851	2182.566	89.682	92.352	139
69	833	2208.817	90.176	93.450	140
70	826	2299.734	89.862	92.991	141
71	811	2365.696	91.059	93.693	142
72	802	2449.565	91.183	93.443	143
73	784	2542.247	90.948	92.868	144
74	781	2655.998	91.564	92.642	145
75	781	2754.985	90.769	92.157	146
76	773	2804.671	90.827	92.943	147
77	768	2909.454	89.586	93.067	148
78	762	3016.831	90.667	93.936	149
79	762	3109.277	91.585	93.968	150
80	754	3242.447	90.536	93.178	151
81	754	3337.089	89.531	93.201	152
82	743	3465.610	90.956	93.314	153
83	741	3572.273	91.814	94.095	154
84	734	3652.569	90.636	93.313	155
85	732	3791.942	90.835	93.889	156
86	727	3917.655	91.139	93.217	157
87	728	3991.152	90.037	93.175	158
88	726	4074.105	89.808	93.750	159
89	720	4215.749	90.612	94.405	160
90	718	4273.897	90.179	94.811	161
91	706	4432.299	90.179	92.986	162
92	702	4529.300	89.384	93.067	163
93	694	4648.354	91.062	93.078	164
94	687	4782.088	90.544	92.722	165
95	679	4858.851	90.868	92.926	166
96	668	4989.748	91.930	93.635	167
97	661	5084.219	90.826	93.273	168
98	645	5191.976	90.978	93.553	169
99	637	5361.736	92.106	94.182	170
100	619	5515.546	91.726	94.010	171
101	612	5592.639	92.225	93.789	172
102	587	5747.370	91.047	93.588	173
103	577	5852.948	90.962	93.551	174
104	573	6013.137	91.046	93.723	175
105	559	6159.525	89.245	94.079	176
106	545	6373.841	90.213	94.414	177
107	544	6546.330	88.947	93.883	178
108	533	6673.174	90.660	94.224	179
109	535	6862.391	89.898	93.812	180
110	525	7062.725	90.361	94.801	181
111	523	7180.925	89.265	94.909	182
112	518	7339.556	90.220	94.212	183
113	516	7467.972	89.385	94.435	184
114	521	7613.534	89.948	94.629	185
115	522	7821.156	90.079	94.652	186
116	518	7973.288	90.147	94.733	187
117	519	8127.643	89.313	93.469	188
118	516	8330.256	88.229	94.839	189
119	516	8445.399	89.366	94.524	190
120	518	8561.775	89.721	94.076	191
121	520	8681.914	89.130	95.340	192
122	517	8852.082	89.933	94.634	193
123	522	8958.748	90.142	94.729	194
124	527	9079.899	89.161	94.510	195
125	521	9285.067	88.983	94.821	196
126	518	9433.482	89.735	94.552	197
127	526	9468.220	88.951	94.110	198
128	529	9568.903	87.969	93.956	199
129	524	9686.944	88.578	94.443	200
130	528	9787.224	89.742	94.911	201
131	529	9887.265	89.628	94.992	202
132	528	9966.628	89.794	94.720	203
133	534	9988.712	90.037	95.156	204
134	530	10100.989	89.428	94.104	205
135	533	10198.810	90.070	94.362	206
136	535	10255.922	90.280	95.074	207
137	537	10286.725	89.101	94.111	208
138	533	10402.544	90.593	94.987	209
139	534	10452.850	90.429	94.073	210
140	540	10497.054	89.059	94.558	211
141	541	10557.321	89.824	94.622	212
142	539	10606.373	90.053	95.667	213
143	534	10659.961	90.039	94.557	214
144	538	10706.515	89.963	94.246	215
145	532	10759.919	90.791	94.279	216
146	538	10810.731	89.992	94.785	217
147	537	10846.226	89.888	94.676	218
148	535	10850.533	90.494	94.728	219
149	533	10877.820	91.262	93.655	220
150	535	10920.656	90.461	93.716	221
151	531	10926.614	91.430	94.023	222
152	532	11042.858	91.865	96.375	223
153	531	11010.961	91.287	95.527	224
154	527	11065.510	90.909	96.025	225
155	526	11023.703	91.494	94.988	226
156	518	11134.344	90.950	95.347	227
157	511	11154.850	91.373	94.762	228
158	506	11144.215	91.414	94.156	229
159	505	11202.616	90.852	95.034	230
160	487	11340.681	91.178	95.627	231
161	479	11360.396	91.840	94.719	232
162	459	11498.693	91.277	94.595	233
163	443	11598.816	92.901	94.335	234
164	427	11641.216	93.344	94.014	235
165	405	11789.140	92.489	94.192	236
166	367	12035.887	92.932	94.138	237
167	350	12155.968	93.034	92.784	238
168	328	12226.306	92.643	93.529	239
169	319	12276.349	91.880	94.567	240
170	299	12371.134	91.239	93.985	241
171	299	12255.876	91.802	93.362	242
172	291	12215.827	90.979	94.204	243
173	283	12182.787	92.178	94.185	244
174	288	12092.558	92.050	94.187	245
175	285	12012.688	92.002	94.033	246
176	285	11962.072	91.789	93.524	247
177	283	11876.512	92.303	94.341	248
178	278	11807.361	92.043	94.906	249
179	284	11748.119	92.367	94.472	250
180	279	11606.016	92.995	94.380	251
181	282	11530.671	93.169	94.326	252
182	282	11464.030	92.750	93.886	253
183	279	11371.869	91.808	93.840	254
184	282	11257.707	92.497	94.291	255
185	281	11240.746	92.625	93.972	256
186	285	11082.833	92.899	93.183	257
187	282	11028.588	91.820	94.061	258
188	286	10890.240	92.394	94.195	259
189	288	10815.212	91.583	93.382	260
190	288	10747.767	91.610	94.336	261
191	288	10657.832	91.958	94.438	262
192	289	10546.273	90.416	93.318	263
193	292	10475.377	91.001	92.823	264
194	296	10270.709	92.168	93.951	265
195	293	10235.208	91.711	94.203	266
196	294	10139.309	92.341	94.533	267
197	296	10030.966	90.617	93.501	268
198	299	9885.720	92.098	93.809	269
199	294	9882.300	91.185	94.120	270
200	301	9758.465	90.528	94.184	271
201	302	9683.526	90.882	94.234	272
202	305	9541.543	91.969	94.816	273
203	303	9492.888	91.093	94.430	274
204	308	9404.969	91.011	95.183	275
205	306	9270.628	91.138	95.849	276
206	307	9173.278	91.623	95.642	277
207	310	9071.657	91.800	96.141	278
208	311	8953.278	92.202	96.348	279
209	313	8856.002	90.947	97.065	280
210	310	8773.440	91.475	96.734	281
211	313	8728.819	91.459	95.085	282
212	320	8612.973	91.853	95.028	283
213	318	8551.983	91.836	95.062	284
214	319	8443.081	91.773	95.877	285
215	322	8316.493	91.617	95.474	286
216	321	8226.731	90.871	95.344	287
217	327	8123.756	90.593	96.297	288
218	328	7990.862	91.626	97.147	289
219	330	7900.129	92.031	94.926	290
220	329	7801.906	91.960	95.600	291
221	328	7703.476	91.832	95.890	292
222	334	7654.414	91.270	96.033	293
223	337	7543.206	91.312	95.735	294
224	339	7427.717	90.830	96.536	295
225	340	7376.405	90.858	96.562	296
226	343	7264.729	91.415	96.496	297
227	346	7208.014	91.045	95.687	298
228	346	7110.410	91.640	95.550	299
229	347	7041.484	91.497	95.747	300
230	350	6938.328	91.148	95.516	301
231	352	6890.156	90.894	94.747	302
232	350	6734.378	90.842	96.201	303
233	358	6655.136	90.933	95.973	304
234	361	6571.310	91.670	95.535	305
235	359	6446.845	91.169	94.774	306
236	359	6392.109	91.115	94.828	307
237	363	6310.652	91.624	93.955	308
238	370	6191.507	91.951	94.918	309
239	374	6088.646	92.053	96.065	310
240	373	6018.663	91.844	95.924	311
241	375	5916.675	92.222	96.807	312
242	377	5811.583	91.767	97.741	313
243	379	5753.649	92.424	98.229	314
244	381	5643.895	92.656	98.000	315
245	387	5610.829	92.291	97.813	316
246	385	5517.315	92.447	97.994	317
247	392	5438.293	91.578	98.084	318
248	387	5377.518	91.994	98.242	319
249	391	5283.436	92.092	98.724	320
250	393	5216.613	91.114	98.370	321
251	394	5134.446	91.446	99.171	322
252	394	5056.506	91.992	98.941	323
253	398	4997.838	91.790	97.587	324
254	397	4916.359	91.283	97.981	325
255	406	4903.707	91.566	95.557	326
256	406	4802.135	91.549	94.632	327
257	408	4754.655	91.396	95.548	328
258	409	4701.763	91.998	95.073	329
259	409	4610.759	91.393	95.279	330
260	412	4525.262	90.296	94.597	331
261	416	4478.279	91.544	94.984	332
262	415	4417.908	91.528	94.637	333
263	419	4333.193	90.893	93.965	334
264	424	4315.252	91.397	94.193	335
265	419	4247.083	91.661	94.056	336
266	422	4222.675	90.379	94.096	337
267	429	4150.249	89.697	93.691	338
268	430	4067.787	90.715	93.823	339
269	437	4050.785	89.964	95.535	340
270	432	3988.606	90.517	94.526	341
271	434	3904.857	90.485	95.163	342
272	434	3870.677	90.604	94.273	343
273	445	3815.659	90.022	95.419	344
274	444	3758.738	89.821	95.166	345
275	446	3701.449	90.099	94.764	346
276	446	3623.037	90.590	94.040	347
277	448	3588.033	90.349	94.287	348
278	451	3522.589	89.697	95.067	349
279	455	3473.328	89.931	94.196	350
280	459	3423.222	88.595	94.689	351
281	458	3361.561	89.571	95.270	352
282	459	3291.432	89.578	94.944	353
283	459	3223.845	89.226	95.003	354
284	461	3187.634	89.832	96.147	355
285	466	3128.539	88.685	95.458	356
286	469	3064.952	88.600	94.712	357
287	464	3023.294	88.557	94.667	358
288	467	2990.385	88.447	94.253	359
289	476	2923.995	89.140	94.145	360
290	473	2871.470	90.515	94.950	361
291	474	2830.227	90.031	95.125	362
292	482	2780.816	89.145	95.403	363
293	478	2756.656	90.087	94.773	364
294	482	2701.454	90.031	95.024	365
295	483	2658.611	89.690	94.569	366
296	484	2610.230	89.416	93.988	367
297	486	2562.821	88.637	94.617	368
298	493	2520.976	89.301	94.929	369
299	489	2477.139	89.295	95.015	370
300	490	2421.658	89.424	94.765	371
301	494	2394.761	90.931	94.630	372
302	499	2341.690	89.662	94.009	373
303	495	2312.542	90.214	95.072	374
304	499	2267.034	89.770	93.910	375
305	502	2218.161	90.180	94.731	376
306	503	2195.918	89.752	94.827	377
307	502	2151.383	90.174	93.681	378
308	499	2092.967	90.257	94.919	379
309	503	2059.681	89.916	94.431	380
310	508	2047.538	89.054	94.943	381
311	513	2006.072	87.964	95.569	382
312	514	1962.541	89.239	94.724	383
313	514	1946.124	89.494	95.357	384
314	508	1889.721	89.410	94.646	385
315	515	1861.678	88.756	95.245	386
316	523	1840.478	88.001	93.650	387
317	516	1790.201	89.333	92.519	388
318	518	1746.100	89.808	92.945	389
319	511	1731.761	90.311	94.031	390
320	521	1700.857	90.136	94.606	391
321	519	1654.766	89.169	93.684	392
322	519	1639.689	88.714	94.424	393
323	522	1591.777	88.940	94.110	394
324	527	1570.784	89.152	94.535	395
325	520	1519.726	89.096	94.491	396
326	523	1504.269	87.946	95.019	397
327	525	1466.398	89.549	94.701	398
328	525	1436.067	88.974	95.339	399
329	531	1410.945	88.188	94.496	400
330	528	1388.485	88.174	94.984	401
