 	Area	StdDev	XM	YM	Major	Minor	Angle	Slice
1	499	12081.516	39.659	122.429	25.787	24.639	25.646	1
2	323	13295.520	111.104	122.592	21.559	19.076	118.910	1
3	552	9413.900	184.855	128.560	27.031	26.001	161.703	1
4	530	10869.927	39.467	122.262	26.231	25.726	60.710	2
5	516	11396.828	110.865	122.297	25.967	25.301	62.106	2
6	549	7692.110	184.398	128.433	26.615	26.264	144.626	2
7	521	7411.169	39.402	122.019	26.108	25.408	88.082	3
8	498	8479.941	110.779	122.234	25.435	24.929	70.770	3
9	593	4798.695	184.104	128.577	29.194	25.863	107.334	3
10	500	12056.800	39.714	122.317	25.672	24.798	19.807	4
11	324	13275.525	111.116	122.701	21.607	19.092	124.410	4
12	555	9390.323	184.891	128.711	27.192	25.987	154.387	4
13	533	10882.531	39.587	122.222	26.497	25.612	72.553	5
14	514	11393.828	110.993	122.432	26.003	25.168	66.038	5
15	551	7708.691	184.546	128.480	26.667	26.308	144.294	5
16	523	7460.692	39.513	121.609	26.258	25.360	85.552	6
17	502	8477.165	110.900	122.030	25.706	24.864	89.466	6
18	597	4799.353	184.210	128.303	29.273	25.966	100.412	6
19	483	12206.945	39.853	122.024	25.554	24.066	16.747	7
20	311	13393.298	111.233	122.354	21.143	18.728	118.869	7
21	554	9449.115	184.999	128.601	27.189	25.944	147.022	7
22	531	10825.905	39.634	121.687	26.282	25.725	69.744	8
23	511	11409.421	111.040	121.830	25.960	25.063	58.319	8
24	549	7770.259	184.548	128.230	26.546	26.332	142.171	8
25	521	7541.265	39.519	121.899	26.136	25.381	84.384	9
26	501	8590.841	110.908	122.034	25.709	24.812	89.201	9
27	593	4855.991	184.208	128.559	29.044	25.996	105.476	9
28	491	12159.538	39.812	122.381	25.418	24.595	14.759	10
29	305	13394.937	111.222	122.504	20.748	18.717	120.812	10
30	548	9513.529	184.957	128.907	27.267	25.589	150.007	10
31	531	11020.681	39.661	122.227	26.368	25.641	71.704	11
32	519	11519.345	111.077	122.345	25.937	25.478	57.330	11
33	554	7836.996	184.570	128.787	26.936	26.187	123.564	11
34	519	7733.338	39.569	121.709	26.126	25.294	83.653	12
35	501	8725.707	110.937	122.000	25.627	24.891	83.680	12
36	595	4836.981	184.238	128.791	29.105	26.029	103.845	12
37	485	12160.521	39.847	122.146	25.413	24.299	11.251	13
38	313	13273.719	111.259	122.615	21.123	18.867	123.036	13
39	555	9451.349	184.973	128.979	27.336	25.851	151.434	13
40	533	11016.824	39.653	122.112	26.459	25.649	71.406	14
41	513	11476.728	111.070	122.511	25.891	25.228	67.687	14
42	549	7836.134	184.559	128.735	26.751	26.130	143.016	14
43	518	7728.575	39.546	121.829	26.138	25.233	90.738	15
44	496	8721.856	110.940	122.188	25.265	24.996	83.800	15
45	586	4885.815	184.193	128.813	29.074	25.663	106.477	15
46	469	12306.695	39.892	122.387	24.950	23.933	20.611	16
47	295	13404.152	111.201	122.447	20.130	18.659	115.473	16
48	548	9486.408	184.983	129.024	27.137	25.712	154.731	16
49	534	11063.056	39.644	122.046	26.443	25.712	65.420	17
50	519	11447.266	111.047	122.400	26.062	25.355	48.061	17
51	553	7858.851	184.515	128.941	26.769	26.303	144.097	17
52	520	7910.804	39.594	121.849	26.176	25.294	81.679	18
53	499	8813.561	111.000	122.221	25.412	25.002	87.870	18
54	582	4922.904	184.269	128.995	28.911	25.631	106.319	18
55	464	12318.898	39.943	122.191	25.203	23.441	19.309	19
56	291	13389.701	111.290	122.409	20.055	18.475	134.766	19
57	551	9462.485	185.012	129.115	27.258	25.738	157.821	19
58	535	11097.006	39.841	121.951	26.368	25.834	55.509	20
59	518	11478.602	111.249	122.162	25.945	25.420	55.698	20
60	550	7848.548	184.682	128.864	26.592	26.334	130.048	20
61	521	7979.062	39.642	121.885	26.187	25.332	90.145	21
62	502	8885.994	111.034	122.015	25.785	24.788	83.872	21
63	587	4916.662	184.331	128.787	29.143	25.646	105.217	21
64	450	12394.312	40.075	122.327	24.544	23.344	30.295	22
65	288	13360.435	111.362	122.505	19.894	18.433	124.474	22
66	553	9471.679	185.113	129.020	27.143	25.940	152.096	22
67	538	11127.532	39.884	122.083	26.480	25.869	56.835	23
68	518	11476.181	111.280	122.383	26.104	25.265	36.542	23
69	549	7852.850	184.751	128.920	26.511	26.367	103.694	23
70	516	7997.296	39.703	121.995	25.902	25.365	85.916	24
71	496	8871.197	111.083	122.263	25.435	24.829	95.223	24
72	587	4923.569	184.355	129.114	29.187	25.607	106.435	24
73	460	12364.450	40.040	122.595	24.818	23.600	7.865	25
74	289	13435.621	111.355	122.818	19.647	18.729	132.528	25
75	555	9472.742	185.084	129.422	27.161	26.017	149.429	25
76	541	11108.506	39.881	122.691	26.646	25.851	50.916	26
77	521	11466.654	111.315	122.870	25.987	25.526	57.553	26
78	552	7805.778	184.734	129.273	26.796	26.229	132.278	26
79	516	7918.273	39.786	122.304	25.756	25.508	85.346	27
80	496	8810.014	111.178	122.325	25.475	24.790	89.941	27
81	582	4869.504	184.388	129.181	28.839	25.695	103.783	27
82	445	12461.773	40.049	122.216	24.510	23.116	15.660	28
83	299	13321.804	111.347	122.342	20.505	18.566	133.599	28
84	545	9514.767	185.056	129.139	27.002	25.699	147.460	28
85	536	11089.691	39.792	122.034	26.516	25.738	63.397	29
86	518	11483.177	111.178	122.300	25.857	25.507	67.967	29
87	548	7869.522	184.602	129.011	26.585	26.246	120.287	29
88	517	8059.415	39.672	122.162	25.942	25.375	91.722	30
89	499	8780.206	111.064	122.209	25.650	24.770	90.264	30
90	587	4942.796	184.286	129.138	28.986	25.784	102.668	30
91	534	11041.472	39.883	122.292	26.357	25.796	54.052	31
92	516	11434.406	111.286	122.355	25.925	25.342	59.769	31
93	548	7755.433	184.689	128.935	26.624	26.207	124.092	31
94	538	11023.139	39.933	122.326	26.425	25.923	42.897	32
95	516	11412.929	111.335	122.326	25.848	25.418	60.746	32
96	550	7706.289	184.730	129.076	26.693	26.234	137.716	32
97	536	10999.561	40.021	122.239	26.413	25.837	45.954	33
98	514	11434.741	111.422	122.340	25.818	25.348	66.893	33
99	551	7740.499	184.812	129.142	26.719	26.257	119.407	33
100	535	10966.847	40.023	122.377	26.361	25.841	60.609	34
101	513	11390.396	111.437	122.363	25.920	25.199	54.763	34
102	551	7746.847	184.834	128.952	26.750	26.226	113.132	34
103	534	10985.163	40.037	122.330	26.481	25.675	43.692	35
104	513	11414.452	111.448	122.466	25.956	25.165	56.074	35
105	551	7767.873	184.869	129.152	26.793	26.185	126.108	35
106	534	10954.583	40.056	122.280	26.370	25.784	53.386	36
107	517	11424.225	111.467	122.267	25.958	25.359	70.363	36
108	549	7833.771	184.884	129.054	26.644	26.235	125.333	36
109	534	10933.631	40.030	122.536	26.386	25.767	57.455	37
110	514	11450.227	111.458	122.439	25.937	25.232	51.321	37
111	548	7827.233	184.883	129.202	26.711	26.122	114.200	37
112	536	11007.109	40.069	122.248	26.355	25.895	38.104	38
113	512	11455.966	111.498	122.257	25.886	25.184	61.005	38
114	551	7822.904	184.944	129.162	26.729	26.247	120.781	38
115	536	10979.149	40.071	122.341	26.313	25.936	47.239	39
116	515	11404.326	111.524	122.070	26.069	25.153	62.641	39
117	552	7818.514	184.958	129.093	26.759	26.266	125.979	39
118	537	10883.955	39.980	122.061	26.333	25.965	49.008	40
119	516	11337.353	111.378	122.102	25.924	25.343	64.780	40
120	549	7784.120	184.885	129.270	26.723	26.158	118.795	40
121	533	10836.349	40.039	121.740	26.362	25.743	54.446	41
122	520	11315.506	111.468	121.686	26.031	25.434	46.502	41
123	551	7780.221	184.965	129.121	26.803	26.175	125.079	41
124	533	10964.625	39.897	122.021	26.353	25.752	59.627	42
125	517	11393.808	111.341	121.981	26.007	25.311	65.294	42
126	548	7832.211	184.910	129.297	26.756	26.078	135.380	42
127	531	10897.944	39.886	121.659	26.299	25.708	36.044	43
128	514	11412.678	111.303	121.638	25.969	25.201	47.332	43
129	551	7789.041	184.937	129.243	26.736	26.240	119.264	43
130	529	10810.704	39.785	121.732	26.213	25.695	52.058	44
131	515	11386.721	111.232	121.644	26.051	25.170	54.459	44
132	549	7789.223	184.894	129.289	26.745	26.136	131.413	44
133	534	10880.579	39.809	121.163	26.322	25.831	61.198	45
134	515	11391.856	111.233	121.541	26.110	25.114	39.189	45
135	547	7800.223	184.916	129.355	26.706	26.079	139.345	45
136	533	10859.657	39.836	121.949	26.346	25.758	56.570	46
137	516	11345.580	111.261	121.570	26.001	25.267	38.643	46
138	551	7800.058	184.992	129.242	26.720	26.256	128.820	46
139	532	10743.264	39.805	121.827	26.216	25.838	70.088	47
140	514	11357.054	111.240	121.651	26.144	25.032	45.603	47
141	548	7786.790	184.960	129.391	26.709	26.124	131.272	47
142	513	11394.886	111.298	121.578	25.947	25.173	42.930	48
143	534	10971.996	39.833	121.707	26.330	25.823	54.302	48
144	548	7846.074	185.075	129.277	26.687	26.145	133.325	48
145	532	10710.884	39.796	121.633	26.348	25.708	58.424	49
146	521	11313.052	111.245	121.742	26.213	25.307	43.704	49
147	547	7809.974	185.029	129.384	26.615	26.168	140.969	49
148	536	10794.094	39.785	122.402	26.431	25.821	61.605	50
149	518	11321.339	111.231	121.799	26.088	25.281	41.098	50
150	549	7829.752	185.050	129.469	26.689	26.190	146.530	50
151	535	10844.336	39.836	121.951	26.326	25.875	63.429	51
152	517	11378.829	111.262	121.645	26.166	25.157	35.116	51
153	552	7832.826	185.071	129.318	26.845	26.181	134.541	51
154	535	10801.398	39.797	121.863	26.349	25.853	58.611	52
155	517	11405.581	111.243	121.882	26.154	25.169	51.388	52
156	551	7821.805	185.039	129.560	26.674	26.301	119.541	52
157	535	10912.136	39.823	121.506	26.298	25.903	72.346	53
158	519	11429.339	111.279	121.654	26.098	25.320	46.491	53
159	546	7880.419	185.089	129.437	26.536	26.198	130.198	53
160	530	10656.523	39.809	121.640	26.236	25.721	59.351	54
161	518	11353.815	111.263	121.813	26.069	25.299	54.842	54
162	551	7864.737	185.096	129.522	26.715	26.261	134.983	54
163	535	10809.512	39.891	121.107	26.329	25.872	66.628	55
164	519	11343.545	111.347	121.532	26.192	25.230	43.378	55
165	552	7851.438	185.125	129.579	26.804	26.221	126.724	55
166	532	10875.751	39.812	121.654	26.284	25.771	64.581	56
167	515	11454.830	111.256	121.614	26.048	25.174	47.713	56
168	551	7857.639	185.021	129.485	26.882	26.098	129.196	56
169	526	10937.886	39.626	121.761	26.380	25.388	77.804	57
170	513	11412.818	111.067	121.760	25.987	25.135	58.457	57
171	549	7830.211	184.899	129.665	26.728	26.153	127.248	57
172	533	10875.598	39.783	121.914	26.391	25.715	63.734	58
173	519	11385.981	111.214	121.619	26.188	25.233	39.610	58
174	550	7827.785	185.030	129.486	26.731	26.197	131.007	58
175	529	10839.663	39.655	121.283	26.224	25.684	76.095	59
176	517	11366.724	111.111	121.436	26.021	25.298	42.286	59
177	544	7801.338	184.891	129.622	26.617	26.022	134.098	59
178	530	10737.850	39.680	120.606	26.358	25.602	68.672	60
179	518	11362.347	111.103	121.186	26.069	25.299	59.695	60
180	552	7797.289	184.930	129.526	26.865	26.161	126.997	60
181	530	10759.834	39.777	121.503	26.286	25.673	58.128	61
182	517	11343.610	111.211	121.099	26.028	25.291	47.277	61
183	548	7778.644	184.997	129.358	26.704	26.128	124.697	61
184	533	10837.237	39.826	120.978	26.382	25.723	54.584	62
185	515	11424.084	111.249	121.275	25.947	25.272	46.709	62
186	553	7839.778	185.090	129.663	26.924	26.152	113.715	62
187	532	10753.728	39.809	121.086	26.318	25.737	70.573	63
188	520	11339.333	111.255	121.074	26.055	25.411	53.379	63
189	551	7799.311	185.088	129.281	26.732	26.244	122.557	63
190	530	10780.191	39.684	121.251	26.225	25.731	75.811	64
191	516	11379.607	111.102	121.312	25.851	25.415	65.844	64
192	550	7821.420	184.959	129.540	26.797	26.133	128.683	64
193	533	10802.013	39.687	121.196	26.370	25.735	70.541	65
194	521	11355.192	111.139	121.149	26.034	25.481	59.414	65
195	549	7878.359	184.977	129.584	26.651	26.228	133.178	65
196	529	10823.379	39.579	121.423	26.209	25.699	74.815	66
197	516	11393.344	111.027	121.328	25.983	25.286	62.815	66
198	551	7812.891	184.873	129.443	26.686	26.289	122.557	66
199	532	10843.146	39.640	121.428	26.477	25.583	73.015	67
200	514	11431.327	111.094	121.493	25.934	25.235	57.666	67
201	550	7860.028	184.915	129.602	26.613	26.313	124.589	67
202	533	10880.895	39.744	121.158	26.200	25.902	54.191	68
203	518	11428.398	111.171	121.123	25.925	25.440	56.332	68
204	550	7858.754	184.960	129.367	26.713	26.215	131.625	68
205	526	10727.062	39.706	121.365	25.960	25.798	87.086	69
206	518	11404.721	111.149	121.184	25.987	25.379	44.881	69
207	548	7873.426	184.940	129.569	26.539	26.291	130.593	69
208	528	10744.432	39.690	120.722	26.264	25.597	73.046	70
209	515	11421.657	111.138	120.888	25.986	25.233	55.836	70
210	549	7874.960	184.947	129.340	26.833	26.050	129.028	70
211	532	10772.963	39.679	120.999	26.342	25.714	70.673	71
212	517	11391.576	111.123	121.147	26.019	25.300	51.103	71
213	551	7842.099	184.973	129.442	26.750	26.226	129.814	71
214	531	10757.913	39.650	120.802	26.406	25.604	57.969	72
215	517	11375.286	111.079	121.107	25.931	25.386	67.601	72
216	549	7867.000	184.923	129.377	26.667	26.212	126.183	72
217	530	10816.475	39.665	120.744	26.356	25.604	56.372	73
218	517	11387.243	111.095	121.055	25.957	25.360	48.355	73
219	549	7876.940	184.955	129.267	26.739	26.142	131.412	73
220	532	10785.272	39.627	120.642	26.414	25.644	77.630	74
221	517	11394.900	111.072	121.029	26.078	25.242	48.234	74
222	549	7854.064	184.956	129.310	26.721	26.159	130.544	74
223	531	10720.142	39.698	120.967	26.375	25.634	66.558	75
224	521	11370.817	111.133	121.269	26.183	25.335	45.999	75
225	551	7847.510	185.005	129.500	26.659	26.316	126.804	75
226	528	10681.621	39.712	120.986	26.303	25.559	67.781	76
227	518	11353.917	111.146	121.278	26.023	25.344	54.320	76
228	552	7839.865	184.976	129.500	26.719	26.305	134.909	76
229	526	10557.984	39.789	120.380	26.159	25.602	76.355	77
230	521	11333.643	111.224	120.876	26.107	25.410	53.105	77
231	551	7875.290	185.036	129.388	26.722	26.254	133.924	77
232	529	10569.071	39.811	120.315	26.272	25.637	78.228	78
233	518	11337.729	111.271	120.870	26.020	25.348	56.574	78
234	552	7852.999	185.040	129.306	26.836	26.190	134.511	78
235	531	10740.853	39.839	120.545	26.280	25.726	70.557	79
236	521	11328.445	111.256	121.181	26.076	25.440	49.726	79
237	550	7852.780	185.059	129.522	26.715	26.213	140.395	79
238	532	10630.379	39.826	120.964	26.334	25.722	63.316	80
239	521	11348.967	111.247	121.209	26.029	25.485	45.493	80
240	555	7849.911	185.042	129.660	26.836	26.332	119.238	80
241	530	10706.602	39.827	121.169	26.164	25.792	75.694	81
242	519	11371.171	111.265	121.116	25.942	25.473	51.499	81
243	549	7857.826	185.055	129.522	26.622	26.256	127.339	81
244	528	10779.622	39.863	120.694	26.263	25.597	66.601	82
245	516	11396.742	111.293	121.000	26.040	25.230	42.218	82
246	552	7846.424	185.066	129.331	26.840	26.186	130.608	82
247	531	10801.869	39.836	120.911	26.395	25.614	61.217	83
248	516	11422.063	111.286	121.181	25.981	25.287	53.493	83
249	551	7870.750	185.038	129.358	26.868	26.111	137.567	83
250	528	10734.265	39.743	121.290	26.152	25.706	75.833	84
251	518	11308.929	111.201	121.330	26.017	25.351	45.163	84
252	548	7849.356	185.015	129.462	26.694	26.138	137.096	84
253	535	10756.145	39.812	121.364	26.290	25.910	83.307	85
254	518	11393.568	111.238	121.346	26.069	25.300	43.824	85
255	547	7867.484	185.025	129.420	26.690	26.095	127.991	85
256	528	10765.414	39.817	121.310	26.143	25.715	96.312	86
257	521	11326.730	111.251	121.173	26.043	25.471	43.068	86
258	553	7847.675	185.050	129.183	26.855	26.219	123.651	86
259	533	10743.273	39.849	121.460	26.293	25.810	66.026	87
260	517	11368.801	111.275	121.249	26.053	25.266	55.092	87
261	553	7814.392	185.068	129.185	26.838	26.235	135.444	87
262	516	11387.683	111.339	121.367	25.941	25.326	52.651	88
263	532	10864.526	39.887	121.764	26.283	25.772	62.281	88
264	553	7822.767	185.049	129.326	26.843	26.231	130.691	88
265	536	10757.162	39.962	121.665	26.509	25.745	56.530	89
266	519	11361.652	111.384	121.215	26.063	25.355	55.896	89
267	551	7799.644	185.061	129.427	26.718	26.257	137.723	89
268	516	11395.951	111.397	121.316	26.131	25.142	48.012	90
269	534	10858.474	39.964	121.805	26.395	25.759	54.244	90
270	552	7836.217	185.077	129.314	26.787	26.238	135.447	90
271	516	11404.712	111.408	121.261	25.932	25.336	48.384	91
272	535	10826.526	39.990	121.825	26.396	25.806	53.967	91
273	550	7825.360	185.079	129.250	26.796	26.134	128.612	91
274	515	11381.606	111.403	121.508	25.988	25.232	52.310	92
275	533	10842.674	39.973	121.835	26.319	25.785	52.543	92
276	554	7814.908	185.087	129.406	26.932	26.191	130.253	92
277	511	11424.965	111.435	121.598	25.807	25.211	51.506	93
278	534	10840.717	39.985	121.796	26.504	25.653	52.851	93
279	551	7816.345	185.065	129.460	26.716	26.260	143.936	93
280	529	10847.412	40.011	121.658	26.107	25.799	54.398	94
281	511	11433.890	111.435	121.552	25.994	25.030	46.700	94
282	549	7839.111	185.082	129.342	26.668	26.211	137.714	94
283	530	10803.907	40.076	121.722	26.186	25.770	40.612	95
284	510	11463.660	111.509	121.564	25.896	25.076	48.848	95
285	550	7831.142	185.105	129.322	26.635	26.292	141.836	95
286	533	10828.294	40.077	121.729	26.274	25.829	43.990	96
287	516	11394.461	111.491	121.594	25.846	25.419	52.413	96
288	553	7860.666	185.098	129.336	26.787	26.285	119.992	96
289	532	10891.305	40.061	121.752	26.215	25.838	65.092	97
290	513	11403.701	111.495	121.610	25.830	25.288	36.745	97
291	548	7849.188	185.054	129.366	26.653	26.179	135.333	97
292	532	10808.138	40.054	121.470	26.263	25.792	59.048	98
293	515	11318.332	111.468	121.635	25.873	25.344	37.099	98
294	550	7804.626	185.070	129.301	26.671	26.256	122.946	98
295	534	10858.324	40.081	121.599	26.548	25.611	57.525	99
296	514	11367.141	111.516	121.546	25.884	25.283	45.166	99
297	553	7831.875	185.087	129.142	26.865	26.209	125.158	99
298	533	10922.609	40.099	121.480	26.357	25.748	53.216	100
299	511	11427.843	111.521	121.497	25.823	25.195	62.874	100
300	554	7824.695	185.080	129.194	26.905	26.217	132.875	100
301	531	10895.582	40.066	121.617	26.331	25.676	49.929	101
302	516	11452.298	111.476	121.709	26.035	25.235	48.768	101
303	554	7821.906	185.050	129.341	26.675	26.443	125.130	101
304	537	10853.506	40.060	121.769	26.478	25.822	49.123	102
305	517	11399.151	111.459	121.820	25.990	25.328	53.465	102
306	552	7820.862	185.021	129.372	26.780	26.244	135.414	102
307	536	10900.075	40.120	121.588	26.404	25.846	53.015	103
308	512	11481.126	111.541	121.722	25.898	25.172	49.523	103
309	550	7835.449	185.040	129.262	26.717	26.211	132.810	103
310	531	10882.600	40.143	121.603	26.285	25.721	48.202	104
311	516	11417.418	111.562	121.656	25.894	25.372	43.619	104
312	556	7822.785	185.064	129.218	26.945	26.273	133.788	104
313	539	10874.856	40.145	121.915	26.296	26.098	47.443	105
314	515	11436.365	111.583	121.895	26.157	25.068	61.331	105
315	553	7838.184	185.082	129.366	26.754	26.318	139.495	105
316	536	10846.227	40.168	122.027	26.414	25.837	53.526	106
317	515	11422.213	111.596	121.910	26.032	25.189	62.491	106
318	550	7845.898	185.064	129.456	26.612	26.315	142.684	106
319	534	10888.501	40.195	121.895	26.197	25.954	78.298	107
320	516	11409.524	111.618	121.914	26.082	25.189	58.112	107
321	551	7858.161	185.067	129.338	26.756	26.221	130.256	107
322	539	10883.362	40.221	121.834	26.311	26.084	47.815	108
323	514	11406.785	111.648	121.894	25.959	25.211	52.708	108
324	554	7857.199	185.079	129.206	26.900	26.223	127.640	108
325	539	10893.135	40.232	121.950	26.322	26.072	47.433	109
326	515	11403.519	111.668	121.968	25.950	25.269	58.487	109
327	554	7865.475	185.074	129.285	26.861	26.260	120.325	109
328	534	10906.814	40.205	122.134	26.463	25.693	43.206	110
329	514	11401.432	111.622	122.135	26.057	25.116	56.359	110
330	556	7856.559	185.054	129.356	26.923	26.294	128.908	110
331	533	10919.038	40.173	122.111	26.386	25.720	51.372	111
332	516	11390.918	111.610	122.091	26.119	25.154	58.503	111
333	550	7865.553	185.011	129.304	26.797	26.133	139.491	111
334	537	10978.267	40.255	122.157	26.477	25.824	57.463	112
335	519	11385.339	111.663	121.951	26.172	25.249	61.839	112
336	551	7861.553	185.067	129.129	26.726	26.250	128.590	112
337	532	11030.391	40.250	122.268	26.218	25.836	64.259	113
338	514	11448.472	111.669	122.141	26.107	25.068	52.151	113
339	551	7879.525	185.066	129.121	26.771	26.206	137.247	113
340	537	10915.870	40.227	122.414	26.521	25.781	59.110	114
341	516	11361.968	111.660	122.188	26.325	24.957	58.216	114
342	552	7842.419	185.051	129.195	26.691	26.332	134.104	114
343	535	10955.166	40.259	122.405	26.456	25.748	61.631	115
344	517	11388.014	111.658	122.198	25.961	25.356	60.255	115
345	553	7851.481	185.050	129.228	26.820	26.253	132.133	115
346	534	10977.823	40.278	122.235	26.367	25.787	63.516	116
347	515	11427.634	111.701	122.020	26.202	25.026	60.064	116
348	553	7881.558	185.054	129.127	26.704	26.367	118.413	116
349	534	10903.572	40.295	122.372	26.449	25.706	51.293	117
350	514	11367.864	111.699	122.091	26.083	25.091	63.362	117
351	553	7847.791	185.057	129.082	26.768	26.304	128.253	117
352	538	10915.580	40.324	122.650	26.302	26.043	71.671	118
353	514	11374.602	111.720	122.259	26.046	25.127	59.132	118
354	554	7837.993	185.039	129.192	26.758	26.361	124.012	118
355	513	11369.936	111.755	122.530	25.859	25.259	65.688	119
356	534	10898.305	40.343	122.903	26.199	25.952	86.118	119
357	551	7824.826	185.085	129.340	26.623	26.352	120.682	119
358	515	11380.967	111.772	122.486	25.945	25.273	62.102	120
359	535	10945.580	40.376	122.775	26.279	25.921	68.241	120
360	553	7872.494	185.102	129.299	26.754	26.318	125.828	120
361	533	10947.498	40.371	122.570	26.293	25.810	63.638	121
362	512	11414.220	111.767	122.326	25.873	25.196	57.012	121
363	551	7864.751	185.074	129.113	26.771	26.206	137.247	121
364	536	10908.801	40.383	122.681	26.261	25.987	41.469	122
365	517	11376.967	111.802	122.326	26.177	25.146	61.580	122
366	552	7869.516	185.077	129.132	26.763	26.262	138.813	122
367	513	11414.467	111.733	122.399	25.960	25.160	50.905	123
368	536	10948.773	40.336	122.726	26.238	26.010	64.238	123
369	553	7879.765	185.018	129.205	26.755	26.317	129.866	123
370	514	11391.518	111.753	122.436	25.952	25.217	50.724	124
371	535	10958.192	40.360	122.869	26.396	25.806	61.718	124
372	550	7865.668	185.015	129.222	26.799	26.131	129.104	124
373	515	11390.674	111.807	122.282	26.124	25.101	59.946	125
374	532	10995.940	40.414	122.645	26.232	25.822	60.031	125
375	550	7883.360	185.062	129.040	26.708	26.220	127.290	125
376	535	10979.141	40.415	122.609	26.406	25.797	69.619	126
377	516	11394.299	111.800	122.316	26.126	25.147	63.103	126
378	553	7891.172	185.065	129.034	26.739	26.332	131.107	126
379	536	10948.012	40.372	122.686	26.282	25.966	59.686	127
380	512	11456.305	111.771	122.444	25.885	25.184	55.704	127
381	552	7913.726	185.019	129.125	26.846	26.180	128.091	127
382	534	11009.862	40.435	122.898	26.391	25.763	60.870	128
383	511	11410.050	111.835	122.584	25.920	25.101	46.644	128
384	550	7868.515	185.077	129.174	26.626	26.301	121.073	128
385	513	11327.464	111.904	122.468	25.883	25.236	50.951	129
386	531	11012.860	40.498	122.800	26.296	25.710	65.050	129
387	549	7841.441	185.115	129.069	26.798	26.084	131.589	129
388	537	10996.947	40.546	122.675	26.353	25.945	64.972	130
389	510	11377.162	111.942	122.440	25.841	25.128	45.400	130
390	552	7856.302	185.146	129.004	26.756	26.268	123.758	130
391	531	10936.664	40.548	122.840	26.353	25.655	79.166	131
392	512	11255.729	111.939	122.623	25.838	25.230	40.155	131
393	552	7768.524	185.128	129.137	26.847	26.179	132.098	131
394	532	10893.439	40.555	123.121	26.340	25.716	63.194	132
395	508	11301.655	111.927	122.770	25.708	25.160	53.268	132
396	551	7829.527	185.134	129.185	26.721	26.255	138.287	132
397	531	10901.414	40.572	123.011	26.292	25.715	67.934	133
398	512	11246.993	111.936	122.705	25.861	25.208	51.210	133
399	553	7815.373	185.157	129.081	26.823	26.250	131.435	133
400	531	11004.259	40.564	122.987	26.301	25.705	66.820	134
401	511	11292.666	111.949	122.641	26.014	25.011	42.690	134
402	553	7809.807	185.166	128.994	26.734	26.337	123.091	134
403	530	11007.229	40.598	122.999	26.329	25.630	69.130	135
404	512	11396.641	111.985	122.718	26.014	25.060	50.294	135
405	556	7869.909	185.161	129.065	26.846	26.370	134.771	135
406	534	10999.526	40.575	123.266	26.378	25.775	48.767	136
407	512	11392.292	111.956	122.829	25.870	25.199	55.382	136
408	555	7866.356	185.147	129.143	26.903	26.266	128.931	136
409	531	11006.137	40.542	123.195	26.242	25.763	71.635	137
410	511	11410.423	111.930	122.805	25.947	25.075	52.948	137
411	552	7898.679	185.114	129.039	26.757	26.267	134.567	137
412	535	11006.061	40.619	123.159	26.409	25.794	65.437	138
413	512	11403.126	111.974	122.740	25.935	25.136	51.129	138
414	553	7889.404	185.165	128.902	26.668	26.403	119.013	138
415	536	11002.844	40.668	123.157	26.477	25.775	60.841	139
416	513	11339.368	112.050	122.809	26.158	24.970	52.226	139
417	551	7892.072	185.209	128.897	26.670	26.305	129.256	139
418	533	11027.183	40.649	123.249	26.380	25.726	61.560	140
419	511	11387.896	112.018	122.894	25.945	25.077	57.891	140
420	553	7889.112	185.196	129.016	26.760	26.312	122.480	140
421	532	10989.561	40.673	123.279	26.304	25.752	66.782	141
422	513	11366.238	112.036	123.023	25.988	25.134	57.047	141
423	553	7865.802	185.208	129.008	26.802	26.270	132.447	141
424	531	11024.912	40.652	123.241	26.187	25.817	73.790	142
425	513	11366.104	112.003	122.838	26.000	25.122	53.784	142
426	553	7879.166	185.176	128.814	26.634	26.436	120.844	142
427	533	11037.220	40.672	123.148	26.224	25.879	72.924	143
428	512	11359.984	112.019	122.825	25.933	25.138	57.966	143
429	555	7859.196	185.199	128.749	26.818	26.349	124.337	143
430	533	11015.260	40.671	123.427	26.447	25.660	76.873	144
431	514	11337.742	112.040	123.001	25.954	25.216	60.091	144
432	550	7853.675	185.194	128.905	26.765	26.164	133.046	144
433	529	11047.602	40.656	123.553	26.217	25.691	57.537	145
434	512	11365.732	112.007	123.167	26.088	24.988	61.383	145
435	551	7862.406	185.152	129.022	26.784	26.193	130.644	145
436	534	11020.291	40.663	123.602	26.481	25.675	76.834	146
437	518	11341.016	112.074	123.134	25.955	25.411	52.442	146
438	552	7902.101	185.178	128.939	26.759	26.266	126.126	146
439	536	10966.200	40.670	123.413	26.276	25.973	55.731	147
440	518	11316.726	112.041	122.982	25.975	25.391	74.397	147
441	557	7868.045	185.164	128.786	26.828	26.434	102.649	147
442	531	10996.835	40.661	123.444	26.273	25.733	73.732	148
443	517	11336.389	112.009	123.036	26.102	25.219	54.407	148
444	552	7895.610	185.167	128.747	26.756	26.268	120.478	148
445	534	10936.637	40.625	123.638	26.383	25.771	72.549	149
446	517	11303.338	111.998	123.185	26.129	25.193	56.500	149
447	552	7865.826	185.135	128.815	26.606	26.416	116.671	149
448	532	11017.577	40.651	123.504	26.374	25.683	69.026	150
449	517	11352.812	112.033	123.119	25.919	25.397	56.568	150
450	554	7881.964	185.169	128.709	26.658	26.460	121.853	150
451	535	10974.595	40.707	123.214	26.334	25.867	70.317	151
452	513	11334.881	112.072	122.946	25.945	25.175	46.461	151
453	550	7862.014	185.192	128.537	26.518	26.407	156.201	151
454	533	10986.544	40.681	123.336	26.283	25.820	65.450	152
455	515	11349.533	112.057	122.989	25.916	25.302	57.049	152
456	545	7869.027	185.167	128.468	26.455	26.230	161.829	152
457	533	11021.385	40.667	123.526	26.289	25.814	65.208	153
458	514	11366.070	112.016	123.126	26.073	25.101	59.210	153
459	553	7851.990	185.155	128.612	26.676	26.395	94.616	153
460	532	11026.691	40.665	123.435	26.315	25.741	79.877	154
461	514	11329.037	112.024	123.100	26.032	25.140	60.181	154
462	551	7879.022	185.151	128.600	26.689	26.286	116.229	154
463	532	10991.406	40.671	123.357	26.357	25.699	73.453	155
464	517	11322.194	112.032	123.043	25.941	25.376	64.209	155
465	548	7874.233	185.157	128.412	26.533	26.297	146.225	155
466	534	10971.770	40.645	123.224	26.335	25.817	64.884	156
467	518	11308.730	112.017	122.938	26.114	25.257	56.662	156
468	551	7856.027	185.124	128.339	26.702	26.274	133.389	156
469	533	10913.643	40.656	123.327	26.323	25.781	57.178	157
470	513	11310.441	112.004	123.015	26.078	25.047	59.083	157
471	551	7855.629	185.151	128.417	26.631	26.344	128.836	157
472	532	11003.003	40.690	123.353	26.283	25.772	70.453	158
473	522	11239.117	112.037	123.184	26.127	25.438	54.661	158
474	552	7854.498	185.160	128.551	26.596	26.426	92.905	158
475	536	10993.264	40.721	123.368	26.392	25.859	66.860	159
476	515	11356.968	112.068	123.101	25.990	25.230	61.665	159
477	550	7873.654	185.171	128.388	26.658	26.269	127.243	159
478	529	11021.488	40.716	123.262	26.255	25.654	53.094	160
479	517	11306.569	112.067	122.999	26.098	25.222	63.665	160
480	553	7840.483	185.162	128.224	26.739	26.333	135.109	160
481	533	11003.489	40.722	123.303	26.273	25.831	58.552	161
482	516	11316.831	112.087	122.954	25.967	25.301	45.415	161
483	549	7876.051	185.195	128.224	26.671	26.209	125.223	161
484	531	11012.133	40.744	123.266	26.170	25.835	59.545	162
485	513	11318.210	112.082	122.957	25.977	25.144	51.975	162
486	550	7869.917	185.173	128.237	26.660	26.267	125.115	162
487	533	11018.948	40.747	123.234	26.242	25.861	68.810	163
488	516	11326.107	112.094	122.933	25.971	25.297	39.701	163
489	552	7879.925	185.165	128.078	26.680	26.342	131.108	163
490	535	10991.226	40.743	122.975	26.387	25.815	50.355	164
491	513	11331.748	112.076	122.706	25.921	25.199	44.467	164
492	552	7870.328	185.180	127.904	26.537	26.485	63.975	164
493	537	10968.435	40.766	123.046	26.425	25.874	55.603	165
494	515	11343.369	112.127	122.721	26.000	25.220	42.159	165
495	557	7861.824	185.222	127.884	26.802	26.460	90.009	165
496	532	10987.027	40.762	123.084	26.392	25.665	61.020	166
497	514	11320.646	112.118	122.832	26.121	25.054	52.943	166
498	556	7844.620	185.169	127.967	26.671	26.543	136.532	166
499	535	10980.201	40.786	123.103	26.369	25.833	65.999	167
500	516	11315.552	112.137	122.852	26.068	25.203	46.162	167
501	555	7854.393	185.231	127.918	26.702	26.464	101.368	167
502	535	10947.833	40.810	122.867	26.458	25.746	49.588	168
503	516	11297.363	112.177	122.647	26.090	25.182	44.455	168
504	558	7857.382	185.235	127.773	26.933	26.379	108.539	168
505	535	10955.008	40.855	122.944	26.394	25.808	66.285	169
506	519	11234.569	112.206	122.649	26.181	25.240	32.169	169
507	559	7814.344	185.279	127.718	27.047	26.315	115.180	169
508	537	10925.229	40.891	123.030	26.369	25.929	57.478	170
509	516	11263.218	112.239	122.814	26.065	25.206	54.048	170
510	557	7840.525	185.297	127.814	26.917	26.348	110.335	170
511	536	10974.625	40.884	123.006	26.432	25.819	56.986	171
512	515	11313.399	112.213	122.898	26.117	25.107	52.852	171
513	554	7914.402	185.294	127.782	26.750	26.369	123.696	171
514	532	11000.654	40.871	122.796	26.357	25.700	52.077	172
515	516	11306.102	112.224	122.721	26.092	25.179	39.297	172
516	551	7876.619	185.309	127.578	26.636	26.338	153.203	172
517	534	10957.310	40.888	122.668	26.287	25.864	42.891	173
518	512	11333.972	112.234	122.594	26.062	25.013	37.905	173
519	548	7895.632	185.289	127.452	26.539	26.291	136.221	173
520	532	10982.992	40.869	122.757	26.194	25.859	55.934	174
521	518	11269.730	112.235	122.651	26.287	25.090	45.130	174
522	552	7904.415	185.281	127.495	26.651	26.372	158.441	174
523	533	10941.084	40.844	122.756	26.348	25.757	55.413	175
524	514	11286.671	112.204	122.722	25.995	25.176	48.559	175
525	550	7881.312	185.247	127.479	26.670	26.258	141.258	175
526	537	10983.209	40.868	122.536	26.413	25.886	50.511	176
527	516	11295.881	112.211	122.495	26.044	25.227	39.813	176
528	550	7896.662	185.233	127.272	26.651	26.276	127.707	176
529	535	10947.489	40.877	122.354	26.244	25.956	30.058	177
530	516	11290.318	112.215	122.268	26.021	25.249	52.632	177
531	553	7846.514	185.246	127.031	26.746	26.325	124.620	177
532	537	10967.266	40.850	122.266	26.434	25.866	66.016	178
533	520	11263.796	112.195	122.258	26.090	25.377	51.945	178
534	555	7886.959	185.217	127.008	26.687	26.479	112.202	178
535	538	10933.065	40.854	122.573	26.390	25.957	55.269	179
536	513	11312.858	112.221	122.498	25.977	25.145	44.453	179
537	555	7873.116	185.262	127.141	26.749	26.417	117.609	179
538	533	10997.651	40.889	122.370	26.286	25.818	44.021	180
539	516	11302.821	112.248	122.409	26.017	25.253	52.999	180
540	556	7894.691	185.253	127.076	26.732	26.482	106.315	180
541	537	10957.131	40.921	122.342	26.224	26.073	69.667	181
542	516	11309.635	112.285	122.258	26.058	25.212	55.897	181
543	556	7907.363	185.285	126.890	26.756	26.458	146.854	181
544	537	10974.839	40.920	122.167	26.346	25.952	53.102	182
545	516	11327.100	112.245	122.145	26.026	25.243	61.236	182
546	556	7870.173	185.261	126.773	26.722	26.492	113.726	182
547	536	10981.642	40.902	122.192	26.297	25.952	45.000	183
548	517	11307.630	112.248	122.205	25.964	25.353	52.457	183
549	556	7886.663	185.258	126.814	26.713	26.501	117.479	183
550	539	10933.986	40.908	122.273	26.387	26.008	72.709	184
551	516	11293.892	112.269	122.284	26.121	25.152	46.576	184
552	554	7896.674	185.273	126.837	26.720	26.398	166.615	184
553	539	10953.192	40.930	122.108	26.381	26.014	60.189	185
554	517	11295.977	112.271	122.111	25.964	25.353	52.488	185
555	555	7885.307	185.318	126.657	26.947	26.223	118.230	185
556	536	10977.557	40.960	121.974	26.389	25.861	60.348	186
557	521	11276.278	112.337	121.990	26.248	25.273	58.294	186
558	550	7920.047	185.340	126.508	26.664	26.263	137.378	186
559	534	10960.369	40.913	121.986	26.340	25.813	56.455	187
560	518	11271.896	112.298	121.987	26.102	25.268	48.557	187
561	549	7901.840	185.290	126.472	26.614	26.265	136.846	187
562	537	10909.249	40.900	122.067	26.330	25.968	60.110	188
563	517	11285.090	112.247	122.054	25.989	25.328	46.645	188
564	548	7902.348	185.266	126.488	26.489	26.341	143.482	188
565	532	10954.544	40.897	121.911	26.346	25.710	59.866	189
566	519	11233.487	112.260	121.915	26.189	25.233	44.611	189
567	551	7883.279	185.293	126.326	26.679	26.296	134.788	189
568	536	10910.980	40.907	121.568	26.310	25.939	50.155	190
569	517	11244.073	112.253	121.654	26.132	25.190	31.667	190
570	555	7885.108	185.289	126.078	26.829	26.339	123.457	190
571	536	10952.267	40.959	121.604	26.388	25.863	52.071	191
572	514	11300.528	112.329	121.660	26.012	25.159	41.065	191
573	552	7910.987	185.357	126.016	26.597	26.425	146.255	191
574	531	10970.887	40.970	121.614	26.350	25.658	45.244	192
575	515	11262.961	112.322	121.700	26.003	25.217	42.814	192
576	555	7904.469	185.342	126.058	26.711	26.456	145.850	192
577	529	10983.698	40.964	121.620	26.176	25.732	51.561	193
578	517	11276.827	112.334	121.761	26.062	25.257	50.068	193
579	554	7902.656	185.324	126.035	26.679	26.439	136.822	193
580	535	10904.480	41.031	121.421	26.445	25.758	54.477	194
581	513	11281.763	112.370	121.701	26.046	25.078	43.303	194
582	558	7844.138	185.376	125.905	26.804	26.506	125.264	194
583	538	10843.984	41.001	121.262	26.389	25.958	70.401	195
584	522	11153.165	112.357	121.697	26.249	25.320	41.365	195
585	557	7812.225	185.393	125.733	26.959	26.306	126.815	195
586	537	11004.228	40.980	121.978	26.382	25.916	71.518	196
587	512	11315.438	112.333	122.599	25.976	25.096	30.544	196
588	553	7917.104	185.387	126.369	26.727	26.345	142.905	196
589	533	11010.862	40.939	122.666	26.248	25.855	59.175	197
590	516	11265.393	112.287	123.219	25.885	25.382	45.703	197
591	554	7921.183	185.376	126.883	26.679	26.439	120.396	197
592	534	11031.329	40.826	123.028	26.380	25.773	69.439	198
593	516	11280.625	112.171	123.579	26.068	25.203	36.844	198
594	551	7878.904	185.251	127.277	26.545	26.429	165.836	198
595	529	11052.645	40.779	123.523	26.048	25.858	59.972	199
596	517	11263.329	112.155	124.020	26.119	25.202	51.379	199
597	550	7917.419	185.249	127.758	26.656	26.271	149.825	199
598	535	10990.203	40.709	123.484	26.266	25.934	67.086	200
599	520	11248.215	112.098	124.005	26.151	25.318	54.519	200
600	554	7925.057	185.203	127.900	26.766	26.353	130.737	200
601	534	11012.262	40.601	123.748	26.430	25.725	65.206	201
602	518	11205.826	111.970	124.321	26.173	25.199	55.064	201
603	554	7864.585	185.137	128.208	26.745	26.375	132.479	201
604	536	11041.217	40.495	123.494	26.297	25.952	85.131	202
605	514	11267.538	111.897	124.240	25.999	25.172	52.255	202
606	550	7878.274	185.083	128.209	26.655	26.272	129.723	202
607	534	11012.378	40.495	123.788	26.344	25.809	83.612	203
608	517	11227.968	111.893	124.303	25.964	25.353	55.438	203
609	548	7906.508	185.124	128.350	26.683	26.150	140.428	203
610	535	11098.124	40.454	123.638	26.228	25.971	144.770	204
611	517	11236.326	111.880	124.336	26.076	25.245	50.869	204
612	550	7864.896	185.142	128.531	26.615	26.312	149.091	204
613	535	11050.747	40.409	123.263	26.418	25.785	61.636	205
614	516	11261.412	111.873	123.810	25.951	25.316	66.399	205
615	546	7908.188	185.166	128.441	26.475	26.258	138.616	205
616	531	11137.243	40.292	123.539	26.089	25.914	52.696	206
617	515	11253.210	111.743	124.114	26.089	25.134	52.726	206
618	551	7894.154	185.092	128.714	26.739	26.237	133.126	206
619	529	11140.742	40.312	123.226	26.084	25.822	56.131	207
620	519	11235.984	111.756	123.816	25.886	25.528	71.279	207
621	548	7900.593	185.140	128.532	26.489	26.341	162.644	207
622	537	10999.783	40.179	123.078	26.192	26.105	56.381	208
623	514	11239.645	111.650	123.689	25.867	25.300	40.689	208
624	547	7919.631	185.086	128.481	26.543	26.239	156.699	208
625	537	11062.321	40.182	123.140	26.195	26.102	124.557	209
626	518	11240.784	111.656	123.815	25.905	25.460	53.551	209
627	554	7912.999	185.140	128.788	26.975	26.149	116.520	209
628	528	11044.057	40.175	122.647	25.965	25.891	3.664	210
629	513	11257.457	111.645	123.529	25.760	25.356	47.716	210
630	551	7904.851	185.136	128.605	26.635	26.339	137.743	210
631	460	12393.047	40.295	123.004	25.510	22.959	153.796	211
632	332	13092.918	111.843	123.644	21.808	19.383	103.729	211
633	551	9559.895	185.556	128.851	27.515	25.497	149.570	211
634	533	11217.285	40.189	122.873	26.172	25.930	134.765	212
635	515	11360.523	111.631	123.605	25.928	25.289	25.650	212
636	550	8067.096	185.129	128.755	26.694	26.233	149.212	212
637	520	8082.660	39.999	122.837	26.075	25.392	102.354	213
638	504	8531.622	111.442	123.580	25.675	24.993	82.258	213
639	570	5195.792	184.732	128.970	28.319	25.628	110.742	213
640	460	12392.888	40.371	122.981	25.305	23.145	155.647	214
641	341	13022.034	111.899	123.570	22.046	19.694	110.005	214
642	541	9599.661	185.640	129.058	27.319	25.214	150.414	214
643	535	11150.787	40.327	122.793	26.153	26.046	129.927	215
644	515	11335.569	111.776	123.346	25.869	25.348	42.385	215
645	555	8074.191	185.277	128.936	26.839	26.329	130.145	215
646	516	8024.009	40.263	122.434	26.189	25.087	105.743	216
647	503	8526.987	111.664	123.084	25.543	25.073	65.801	216
648	570	5220.192	184.972	128.889	28.575	25.398	115.710	216
649	538	11520.757	40.628	122.464	26.304	26.041	56.660	217
650	512	11620.721	112.053	123.236	25.851	25.217	29.283	217
651	563	8581.984	185.606	128.698	27.182	26.372	146.313	217
652	519	9362.509	40.478	122.224	26.038	25.379	82.258	218
653	509	9738.736	111.885	123.036	25.814	25.105	66.398	218
654	551	6189.930	185.227	128.553	27.720	25.308	116.705	218
655	639	5369.304	40.293	122.257	29.693	27.400	131.936	219
656	581	5565.505	111.717	123.004	27.871	26.542	120.056	219
657	728	3722.377	184.850	128.404	31.114	29.791	101.108	219
658	519	9857.015	40.586	122.570	25.855	25.558	95.234	220
659	509	10218.515	112.018	122.894	25.938	24.986	65.249	220
660	551	6731.418	185.412	128.718	27.390	25.613	117.670	220
661	584	5916.758	40.487	122.606	28.489	26.100	127.243	221
662	535	6273.510	111.894	122.829	27.205	25.039	109.043	221
663	687	4133.465	185.070	128.733	30.810	28.390	108.798	221
664	780	3097.105	40.408	121.574	32.134	30.906	118.415	222
665	748	3212.727	111.706	122.247	31.389	30.342	118.633	222
666	809	2177.675	184.699	128.328	33.408	30.832	111.532	222
667	516	8713.689	40.783	121.852	26.020	25.250	93.387	223
668	506	9266.314	112.235	122.322	25.603	25.163	75.927	223
669	555	5900.808	185.543	128.804	28.106	25.142	114.624	223
670	660	5186.335	40.663	121.779	29.982	28.028	131.236	224
671	599	5442.954	112.070	122.169	28.581	26.685	116.678	224
672	726	3773.032	185.196	128.511	31.204	29.624	98.730	224
673	806	2589.145	40.532	121.513	32.902	31.190	119.534	225
674	770	2722.744	111.767	121.753	31.940	30.695	116.669	225
675	843	2015.572	184.750	128.239	34.155	31.426	118.192	225
676	520	8768.634	40.483	121.940	26.175	25.295	93.738	226
677	507	9258.787	111.884	122.305	25.602	25.214	65.377	226
678	558	5883.200	185.219	128.870	28.253	25.146	116.443	226
679	651	5270.960	40.436	121.850	29.921	27.702	127.280	227
680	594	5444.690	111.841	122.251	28.466	26.568	119.589	227
681	726	3810.237	184.960	128.774	31.065	29.756	100.613	227
682	813	2548.076	40.263	121.730	33.038	31.332	121.880	228
683	767	2654.040	111.524	121.850	31.836	30.675	118.802	228
684	841	2007.290	184.474	128.596	34.219	31.292	116.859	228
685	514	8777.595	40.376	121.635	25.968	25.202	102.245	229
686	501	9249.045	111.786	122.316	25.486	25.029	60.026	229
687	561	5906.104	185.075	129.032	28.320	25.222	115.033	229
688	658	5181.491	40.044	121.637	29.853	28.064	134.534	230
689	590	5371.338	111.499	121.866	28.076	26.757	122.919	230
690	727	3787.787	184.596	128.499	31.025	29.835	101.171	230
691	145	381.027	148.117	159.145	14.525	12.710	81.444	230
692	810	2552.109	40.073	121.543	33.000	31.252	128.510	231
693	776	2676.456	111.362	121.634	31.988	30.887	106.469	231
694	841	2011.103	184.307	128.358	34.274	31.243	117.080	231
695	514	8668.401	40.277	122.210	25.833	25.333	92.331	232
696	505	9122.548	111.666	122.343	25.551	25.165	70.954	232
697	558	5860.144	184.962	128.923	28.244	25.155	118.768	232
698	659	5177.639	40.029	122.322	29.703	28.249	134.890	233
699	595	5380.977	111.489	122.426	28.429	26.648	118.127	233
700	727	3790.079	184.617	128.756	31.131	29.734	100.674	233
701	816	2585.001	39.943	121.850	33.022	31.463	122.720	234
702	766	2692.435	111.194	122.047	31.705	30.762	119.009	234
703	841	2001.483	184.136	128.738	34.329	31.192	119.991	234
704	517	8719.601	40.235	122.760	26.000	25.318	93.884	235
705	508	9224.438	111.669	122.745	25.783	25.086	90.354	235
706	564	5927.041	184.939	129.408	28.404	25.282	117.136	235
707	594	5373.807	111.546	122.620	28.333	26.693	120.456	236
708	668	5153.659	40.118	122.728	29.943	28.405	126.112	236
709	724	3801.499	184.627	129.052	30.945	29.789	109.855	236
710	817	2588.826	39.997	122.057	33.107	31.420	127.592	237
711	768	2702.517	111.220	122.095	31.746	30.802	121.847	237
712	837	1995.338	184.192	128.687	34.227	31.136	117.258	237
713	515	8895.714	40.302	122.101	25.910	25.307	83.975	238
714	505	9380.109	111.704	122.403	25.477	25.238	70.110	238
715	564	5948.715	184.951	129.186	28.362	25.320	114.830	238
716	664	5169.025	40.145	122.428	29.774	28.395	131.012	239
717	587	5470.572	111.571	122.647	28.287	26.422	117.245	239
718	723	3784.843	184.658	129.077	30.898	29.793	106.815	239
719	154	388.006	148.313	159.623	14.754	13.290	91.104	239
720	813	2583.535	39.986	122.274	33.086	31.287	128.264	240
721	766	2720.781	111.244	122.181	31.750	30.718	112.181	240
722	839	2005.068	184.181	128.898	34.235	31.204	114.926	240
723	513	8914.593	40.255	122.447	25.729	25.387	83.451	241
724	510	9327.381	111.671	122.472	25.683	25.283	64.724	241
725	557	5977.274	184.905	129.282	28.053	25.280	114.187	241
726	638	5329.776	40.108	122.197	29.464	27.570	134.197	242
727	587	5511.926	111.540	122.378	28.264	26.443	118.637	242
728	724	3818.785	184.614	129.030	31.114	29.627	100.746	242
729	817	2602.727	39.974	121.720	33.173	31.358	125.155	243
730	765	2745.397	111.253	121.886	31.761	30.667	117.525	243
731	837	2011.527	184.145	128.731	34.113	31.240	114.670	243
732	517	8786.433	40.191	122.708	26.004	25.314	85.431	244
733	509	9268.325	111.627	122.545	25.764	25.154	82.054	244
734	558	5975.739	184.829	129.395	28.301	25.104	113.166	244
735	635	5345.293	40.016	122.091	29.255	27.636	131.687	245
736	586	5501.515	111.433	122.376	28.314	26.352	114.350	245
737	717	3814.391	184.448	128.894	30.662	29.774	106.460	245
738	809	2605.182	39.843	121.971	32.890	31.318	123.552	246
739	765	2725.762	111.086	121.968	31.690	30.736	127.399	246
740	839	2016.623	184.004	128.728	34.225	31.212	118.266	246
741	518	8889.686	40.070	122.835	25.926	25.439	104.493	247
742	508	9305.733	111.516	122.843	25.859	25.013	102.017	247
743	555	5991.176	184.740	129.324	28.184	25.072	111.899	247
744	644	5261.560	39.882	122.971	29.177	28.103	130.048	248
745	589	5447.763	111.281	123.056	28.254	26.543	123.357	248
746	724	3805.184	184.383	129.263	31.060	29.679	101.781	248
747	152	395.856	148.051	159.904	14.473	13.372	85.821	248
748	808	2605.727	39.714	122.772	32.968	31.205	116.337	249
749	770	2725.989	111.031	122.456	31.859	30.773	119.703	249
750	842	2028.237	183.878	128.961	34.246	31.305	117.310	249
751	521	8850.191	40.077	122.926	25.982	25.532	93.503	250
752	509	9215.907	111.504	122.858	25.811	25.109	99.808	250
753	554	5977.944	184.716	129.581	28.111	25.093	111.197	250
754	585	5476.728	111.326	122.805	28.127	26.481	118.088	251
755	641	5269.910	39.903	123.147	29.246	27.906	132.360	251
756	724	3798.323	184.366	129.247	31.123	29.619	99.748	251
757	154	392.668	148.026	159.870	14.984	13.086	89.425	251
758	797	2669.433	39.781	122.429	32.610	31.119	123.600	252
759	767	2742.277	111.086	122.273	31.950	30.566	113.565	252
760	832	1981.821	183.959	128.827	34.069	31.094	121.748	252
761	518	9025.536	40.036	122.589	25.754	25.609	65.368	253
762	502	9256.785	111.462	122.461	25.540	25.026	73.230	253
763	553	5939.099	184.664	129.311	27.974	25.170	111.242	253
764	652	5247.797	39.885	122.676	29.342	28.292	128.023	254
765	602	5313.859	111.257	122.610	28.552	26.845	118.887	254
766	722	3784.368	184.256	129.199	31.041	29.615	97.605	254
767	150	390.498	147.916	159.888	14.435	13.230	92.284	254
768	796	2608.366	39.757	122.284	32.601	31.088	120.727	255
769	774	2650.998	111.041	122.435	32.024	30.773	118.746	255
770	841	1999.693	183.860	129.011	34.206	31.305	117.393	255
771	514	8916.645	40.308	123.143	25.876	25.291	81.092	256
772	506	9138.884	111.721	123.134	25.598	25.168	80.043	256
773	552	5864.719	184.943	129.561	27.841	25.244	113.561	256
774	657	5175.704	40.100	122.799	29.611	28.250	122.231	257
775	605	5301.629	111.521	122.811	28.528	27.002	117.247	257
776	728	3767.980	184.584	129.232	31.293	29.620	97.046	257
777	153	400.478	148.190	159.925	14.833	13.133	97.298	257
778	823	2523.911	40.075	122.501	33.268	31.498	127.707	258
779	780	2582.725	111.318	122.303	32.146	30.894	110.910	258
780	836	1979.295	184.144	128.849	34.181	31.141	120.713	258
781	517	8701.722	40.246	122.911	26.029	25.290	96.602	259
782	510	9050.656	111.676	122.743	25.790	25.179	83.036	259
783	553	5886.119	184.872	129.248	27.803	25.325	111.387	259
784	664	5173.189	40.080	123.177	29.730	28.437	135.030	260
785	616	5250.051	111.471	122.926	29.074	26.977	124.137	260
786	728	3729.051	184.484	129.140	31.292	29.621	99.838	260
787	825	2543.439	39.972	122.997	33.349	31.498	121.122	261
788	784	2541.579	111.187	122.496	32.172	31.027	113.809	261
789	839	1950.825	183.999	128.844	34.222	31.215	121.646	261
790	502	9054.599	111.444	123.233	25.595	24.972	73.239	262
791	513	8856.030	39.988	123.377	25.595	25.519	74.499	262
792	552	5800.519	184.632	129.439	27.836	25.249	109.583	262
793	664	5082.056	39.880	123.138	29.614	28.549	147.367	263
794	615	5184.720	111.263	122.926	28.807	27.182	118.784	263
795	735	3727.641	184.283	129.028	31.230	29.966	94.479	263
796	146	378.092	148.118	159.918	14.649	12.690	99.197	263
797	818	2494.874	39.780	122.644	33.222	31.350	122.214	264
798	781	2527.170	111.030	122.302	32.080	30.997	126.009	264
799	841	1953.371	183.821	128.659	34.146	31.359	122.770	264
800	518	8844.821	40.022	123.246	25.868	25.496	116.194	265
801	506	9107.880	111.478	123.074	25.732	25.038	87.181	265
802	548	5861.391	184.661	129.079	27.773	25.122	108.614	265
803	606	5279.950	111.341	123.178	28.706	26.878	121.791	266
804	652	5173.509	39.935	123.236	29.249	28.382	141.958	266
805	730	3737.703	184.348	128.867	31.101	29.886	94.884	266
806	778	2601.589	111.106	122.919	32.090	30.869	125.781	267
807	802	2553.685	39.781	123.245	32.739	31.191	126.336	267
808	837	1948.483	183.904	128.724	34.130	31.225	121.311	267
809	522	8903.698	39.987	123.655	25.983	25.579	93.317	268
810	502	9121.003	111.449	123.554	25.514	25.052	76.410	268
811	554	5790.379	184.626	129.321	27.902	25.281	107.671	268
812	616	5286.023	111.262	123.334	28.905	27.134	128.294	269
813	662	5168.551	39.868	123.481	30.029	28.069	131.226	269
814	735	3715.512	184.292	129.026	31.086	30.105	93.069	269
815	149	400.096	148.541	160.243	14.738	12.873	89.366	269
816	816	2486.271	39.818	123.115	33.196	31.298	123.335	270
817	780	2574.545	111.040	122.834	32.015	31.021	118.833	270
818	837	1936.949	183.821	128.681	34.063	31.286	121.895	270
819	680	4964.530	39.953	123.126	30.040	28.822	136.926	271
820	627	5066.553	111.345	123.140	29.160	27.377	122.761	271
821	735	3588.427	184.358	129.046	31.296	29.902	93.898	271
822	691	4899.881	39.964	123.016	30.197	29.136	131.435	272
823	639	5025.043	111.373	123.210	29.411	27.663	125.415	272
824	734	3595.654	184.371	129.114	31.231	29.924	94.975	272
825	671	5079.612	39.966	122.982	30.020	28.459	126.806	273
826	623	5116.668	111.371	123.166	29.141	27.220	121.884	273
827	734	3591.993	184.338	128.945	31.333	29.826	97.937	273
828	678	5022.548	39.896	123.372	29.917	28.855	132.306	274
829	635	5086.638	111.308	123.300	29.158	27.728	120.069	274
830	731	3616.433	184.289	129.152	31.045	29.981	99.671	274
831	680	4995.739	39.875	123.013	29.973	28.886	128.855	275
832	617	5129.408	111.284	123.000	28.876	27.205	124.335	275
833	734	3633.954	184.286	128.744	31.272	29.885	90.299	275
834	618	5189.711	111.244	122.899	29.008	27.125	121.003	276
835	667	5076.577	39.859	122.777	29.724	28.571	128.975	276
836	730	3654.499	184.266	128.935	31.225	29.767	95.323	276
837	616	5185.565	111.286	122.943	28.945	27.097	118.354	277
838	656	5120.865	39.888	122.956	29.303	28.503	117.525	277
839	732	3645.332	184.265	128.878	31.139	29.931	102.506	277
840	623	5121.300	111.249	122.632	29.047	27.309	126.903	278
841	681	4951.522	39.827	122.549	29.984	28.918	131.976	278
842	734	3662.640	184.252	128.776	31.309	29.849	101.428	278
843	677	5025.117	39.847	122.749	29.761	28.964	132.024	279
844	620	5129.110	111.280	122.841	28.941	27.276	121.593	279
845	733	3645.054	184.304	128.906	31.193	29.919	101.167	279
846	681	4897.571	39.817	122.531	29.812	29.085	136.227	280
847	625	5055.973	111.232	122.455	28.978	27.462	124.712	280
848	735	3650.969	184.269	128.642	31.387	29.816	98.586	280
849	684	4883.944	39.746	122.609	29.923	29.104	118.771	281
850	626	5096.896	111.185	122.755	29.023	27.463	119.822	281
851	733	3660.640	184.252	128.826	31.230	29.884	97.483	281
852	661	5070.289	39.750	122.214	29.456	28.572	136.370	282
853	626	5102.233	111.202	122.340	29.004	27.480	119.822	282
854	729	3657.762	184.285	128.905	31.095	29.851	109.890	282
855	679	5020.022	39.717	121.685	29.906	28.908	125.812	283
856	628	5115.771	111.173	122.218	29.022	27.551	121.185	283
857	733	3676.182	184.255	128.830	31.222	29.892	101.822	283
858	158	353.430	147.788	159.575	15.484	12.993	111.745	283
859	689	4761.510	39.670	122.348	29.964	29.277	126.662	284
860	630	5087.375	111.067	122.285	29.059	27.604	127.938	284
861	728	3651.733	184.234	129.034	31.205	29.704	106.793	284
862	678	4963.607	39.697	122.061	29.879	28.892	130.247	285
863	622	5140.765	111.112	121.975	29.004	27.305	123.171	285
864	731	3665.842	184.292	128.830	31.208	29.823	99.558	285
865	670	4978.747	39.651	122.245	29.330	29.085	138.534	286
866	619	5177.745	111.100	122.266	28.726	27.436	122.694	286
867	730	3669.479	184.272	129.035	31.201	29.789	102.825	286
868	689	4820.447	39.763	121.875	29.956	29.285	127.084	287
869	627	5074.094	111.166	121.989	28.965	27.562	124.766	287
870	727	3661.345	184.424	129.052	31.090	29.773	99.669	287
871	686	4864.352	39.746	121.131	29.671	29.437	134.006	288
872	629	5060.840	111.185	121.708	29.175	27.450	117.172	288
873	727	3661.639	184.390	128.914	31.044	29.817	101.926	288
874	623	5091.371	111.191	122.018	28.950	27.400	116.901	289
875	692	4786.855	39.745	121.917	30.121	29.251	135.417	289
876	727	3668.110	184.442	129.277	31.181	29.686	100.734	289
877	695	4770.210	39.780	121.575	30.084	29.415	132.727	290
878	622	5075.347	111.211	121.898	28.797	27.501	122.649	290
879	726	3674.698	184.437	129.016	31.063	29.758	103.694	290
880	686	4837.193	39.676	121.803	29.988	29.126	127.882	291
881	628	5078.597	111.113	122.109	28.889	27.678	119.801	291
882	729	3676.503	184.396	129.197	31.290	29.664	108.953	291
883	689	4889.623	39.765	121.226	29.866	29.374	119.793	292
884	619	5142.638	111.165	121.793	28.857	27.312	117.315	292
885	732	3668.293	184.425	129.066	31.171	29.900	99.512	292
886	687	4861.668	39.761	121.104	30.042	29.117	127.965	293
887	629	5121.335	111.219	121.668	29.238	27.391	120.273	293
888	732	3644.580	184.429	128.947	31.295	29.782	96.025	293
889	679	4874.618	39.773	121.297	29.666	29.142	138.174	294
890	634	5047.872	111.196	121.677	29.175	27.668	116.007	294
891	734	3641.894	184.403	129.226	31.146	30.005	93.131	294
892	692	4813.512	39.711	121.356	30.121	29.252	121.200	295
893	631	5057.648	111.164	121.536	29.060	27.647	123.909	295
894	730	3659.883	184.386	128.831	31.116	29.871	104.497	295
895	693	4785.014	39.671	121.088	30.004	29.408	132.844	296
896	639	4954.676	111.139	121.745	29.371	27.701	115.954	296
897	732	3600.273	184.345	129.056	31.219	29.854	93.514	296
898	698	4728.137	39.701	120.852	30.167	29.460	134.775	297
899	636	4985.126	111.147	121.408	29.137	27.792	114.557	297
900	735	3637.684	184.379	128.766	31.205	29.990	101.260	297
901	702	4584.131	39.709	120.933	30.119	29.677	143.047	298
902	644	4911.148	111.123	121.352	29.338	27.949	113.158	298
903	734	3624.013	184.380	128.833	31.197	29.957	98.728	298
904	689	4821.838	39.683	121.269	29.920	29.320	120.907	299
905	628	5087.498	111.115	121.244	29.196	27.387	121.467	299
906	733	3635.173	184.352	128.875	30.999	30.107	98.624	299
907	689	4868.699	39.663	120.622	30.024	29.219	126.835	300
908	622	5126.947	111.073	121.082	28.896	27.407	117.846	300
909	735	3634.133	184.354	128.743	31.221	29.974	96.224	300
910	696	4742.805	39.646	121.155	30.211	29.333	123.490	301
911	631	5072.052	111.080	121.581	29.049	27.657	122.964	301
912	730	3598.458	184.351	129.083	31.206	29.785	99.201	301
913	706	4658.398	39.690	120.637	30.240	29.725	118.007	302
914	638	4984.652	111.105	121.425	29.315	27.711	117.814	302
915	739	3617.675	184.336	128.970	31.268	30.092	95.753	302
916	684	4843.604	39.718	120.642	29.843	29.183	129.782	303
917	639	4998.392	111.118	121.231	29.345	27.725	119.271	303
918	732	3618.410	184.303	128.951	31.271	29.805	100.448	303
919	687	4768.861	39.721	121.072	29.870	29.284	106.263	304
920	628	5074.720	111.164	121.502	28.953	27.617	113.668	304
921	730	3626.551	184.363	129.169	31.247	29.745	96.306	304
922	683	4969.970	39.657	120.978	29.832	29.150	135.450	305
923	623	5113.218	111.123	121.314	28.878	27.469	126.153	305
924	730	3658.975	184.353	128.947	31.271	29.723	97.418	305
925	687	4934.893	39.734	120.821	29.760	29.392	100.011	306
926	627	5137.390	111.170	121.375	28.847	27.674	119.930	306
927	733	3662.325	184.378	129.133	31.146	29.965	95.796	306
928	695	4728.845	39.835	120.524	29.978	29.518	127.663	307
929	632	5002.516	111.233	121.331	29.222	27.537	112.748	307
930	731	3666.137	184.455	128.869	31.130	29.899	90.183	307
931	699	4699.743	39.803	121.318	30.103	29.565	122.368	308
932	634	5051.265	111.217	121.570	29.101	27.739	120.943	308
933	730	3671.168	184.423	129.077	31.113	29.874	101.920	308
934	689	4877.638	39.871	120.747	29.913	29.327	133.938	309
935	623	5070.334	111.283	121.242	28.987	27.365	118.745	309
936	735	3686.548	184.499	129.046	31.262	29.935	98.330	309
937	692	4776.579	39.790	121.437	30.041	29.330	121.932	310
938	615	5164.211	111.251	121.543	28.709	27.275	118.334	310
939	725	3697.389	184.543	128.897	31.099	29.682	96.666	310
940	686	4870.804	39.844	121.029	29.894	29.218	124.035	311
941	618	5133.198	111.267	121.419	28.831	27.293	125.140	311
942	732	3669.793	184.538	128.927	31.132	29.938	92.300	311
943	700	4658.423	39.798	121.024	30.310	29.405	136.785	312
944	628	5051.329	111.234	121.528	29.075	27.501	119.317	312
945	728	3673.758	184.529	129.090	31.220	29.690	98.994	312
946	701	4701.136	39.844	120.943	30.336	29.421	138.954	313
947	633	5050.938	111.304	121.362	29.103	27.694	122.943	313
948	728	3668.693	184.552	129.136	31.187	29.721	94.812	313
949	692	4784.275	39.851	121.061	30.105	29.267	132.794	314
950	630	5049.413	111.262	121.339	29.033	27.629	123.703	314
951	729	3661.642	184.543	128.914	31.144	29.803	94.170	314
952	691	4855.446	39.860	121.257	30.209	29.124	131.433	315
953	622	5103.125	111.291	121.419	28.984	27.324	126.305	315
954	730	3655.847	184.542	128.933	31.207	29.784	96.561	315
955	691	4820.490	39.884	121.426	30.030	29.298	125.942	316
956	623	5060.584	111.286	121.564	28.817	27.526	120.971	316
957	731	3643.115	184.527	129.134	31.385	29.656	102.958	316
958	690	4866.750	39.851	121.555	30.098	29.189	130.524	317
959	626	5103.967	111.328	121.823	29.037	27.449	124.779	317
960	734	3653.173	184.590	129.269	31.176	29.977	101.070	317
961	693	4859.111	39.902	121.203	29.908	29.502	126.335	318
962	629	5094.295	111.320	121.525	29.128	27.495	112.481	318
963	730	3652.692	184.579	129.200	31.265	29.729	101.445	318
964	701	4774.086	39.917	121.286	30.377	29.382	122.533	319
965	638	5078.979	111.322	121.612	29.236	27.785	117.052	319
966	732	3663.704	184.585	129.059	31.098	29.970	95.736	319
967	694	4768.763	39.896	121.700	30.141	29.317	134.866	320
968	629	5097.968	111.355	121.903	29.091	27.530	123.590	320
969	732	3654.153	184.611	129.107	31.169	29.902	101.032	320
970	685	4925.162	39.856	122.013	30.023	29.050	133.470	321
971	623	5062.475	111.280	122.035	28.982	27.370	126.304	321
972	729	3649.497	184.566	129.191	31.102	29.843	97.067	321
973	681	4933.196	39.919	121.540	29.972	28.929	134.820	322
974	629	5081.579	111.327	121.708	29.217	27.411	118.686	322
975	727	3631.140	184.578	129.091	30.921	29.935	92.076	322
976	680	4881.237	39.944	121.064	29.875	28.981	124.560	323
977	624	5137.254	111.380	121.372	28.992	27.404	124.586	323
978	732	3651.241	184.613	128.919	31.147	29.923	95.700	323
979	699	4791.693	39.939	121.237	30.201	29.469	126.668	324
980	630	5048.189	111.344	121.395	29.122	27.544	119.942	324
981	730	3665.218	184.548	128.927	31.207	29.784	91.844	324
982	695	4847.928	39.961	121.402	30.153	29.347	130.685	325
983	629	5086.316	111.386	121.806	28.983	27.632	118.964	325
984	734	3663.733	184.550	129.045	31.312	29.846	94.664	325
985	698	4754.194	39.942	121.848	30.077	29.548	138.874	326
986	636	5044.529	111.362	121.829	29.354	27.587	125.287	326
987	733	3660.362	184.585	129.111	31.249	29.866	101.214	326
988	691	4814.535	39.982	121.694	30.172	29.160	132.777	327
989	631	5084.744	111.444	121.751	29.032	27.673	123.709	327
990	733	3652.758	184.600	128.991	31.202	29.911	89.150	327
991	689	4844.527	39.982	121.660	30.029	29.213	131.773	328
992	632	5090.068	111.462	121.718	29.118	27.635	122.543	328
993	736	3663.048	184.594	128.941	31.262	29.976	98.416	328
994	691	4864.489	40.026	121.649	29.941	29.385	136.846	329
995	629	5061.601	111.431	121.880	29.264	27.367	118.027	329
996	734	3652.623	184.614	129.120	31.283	29.874	98.710	329
997	682	4919.099	40.080	121.741	29.897	29.044	138.492	330
998	627	5130.531	111.492	122.058	29.117	27.418	123.711	330
999	732	3649.042	184.651	129.291	31.305	29.772	100.006	330
1000	683	4914.163	40.089	121.733	29.867	29.116	137.369	331
1001	626	5054.925	111.489	122.126	29.184	27.311	126.739	331
1002	730	3652.999	184.667	129.228	31.219	29.772	103.015	331
1003	685	4921.170	40.079	121.871	29.768	29.299	136.928	332
1004	628	5075.587	111.490	122.088	29.148	27.432	122.956	332
1005	732	3665.571	184.659	129.080	31.203	29.869	94.340	332
1006	687	4853.968	40.097	121.838	29.897	29.258	142.029	333
1007	631	5032.376	111.512	122.067	29.158	27.554	119.553	333
1008	732	3660.179	184.670	129.167	31.192	29.880	99.280	333
1009	685	4871.741	40.100	122.172	29.861	29.208	137.597	334
1010	627	5080.123	111.510	122.232	29.020	27.510	120.321	334
1011	730	3670.710	184.657	129.233	31.276	29.718	97.287	334
1012	678	4953.204	40.148	122.111	29.819	28.950	153.601	335
1013	622	5092.281	111.533	122.073	28.875	27.427	121.451	335
1014	731	3661.861	184.660	129.156	31.166	29.864	94.803	335
1015	679	5043.250	40.164	121.664	29.883	28.930	143.707	336
1016	624	5102.317	111.574	121.913	29.142	27.263	120.849	336
1017	732	3680.093	184.679	128.953	31.130	29.939	97.829	336
1018	683	4915.566	40.208	121.857	29.967	29.019	131.896	337
1019	629	5065.344	111.602	122.012	29.151	27.473	125.507	337
1020	727	3659.692	184.713	128.936	31.087	29.776	97.051	337
1021	676	4977.591	40.176	122.284	29.890	28.796	141.972	338
1022	629	5077.917	111.561	122.350	29.035	27.583	124.835	338
1023	734	3679.392	184.651	129.086	31.294	29.864	99.428	338
1024	678	4969.563	40.176	122.343	29.790	28.978	138.569	339
1025	637	5032.520	111.544	122.216	29.115	27.857	117.619	339
1026	732	3666.826	184.623	129.076	31.221	29.852	92.081	339
1027	634	5060.205	111.612	122.092	29.130	27.711	122.441	340
1028	686	4906.458	40.210	122.173	29.775	29.335	137.185	340
1029	733	3677.770	184.649	128.909	31.109	30.001	92.630	340
1030	687	4875.987	40.242	121.993	29.918	29.238	118.064	341
1031	633	5009.317	111.658	122.060	29.021	27.771	116.788	341
1032	730	3670.282	184.655	128.863	31.099	29.887	92.472	341
1033	682	4901.617	40.303	122.311	29.737	29.201	135.970	342
1034	632	5039.799	111.690	122.325	29.201	27.556	128.284	342
1035	737	3677.649	184.719	129.075	31.283	29.996	94.632	342
1036	682	4955.147	40.296	122.350	29.922	29.021	130.641	343
1037	629	5045.193	111.693	122.461	29.080	27.540	133.680	343
1038	729	3653.293	184.667	129.214	31.135	29.812	98.247	343
1039	686	4880.768	40.310	122.232	29.975	29.139	135.411	344
1040	628	5024.124	111.750	122.417	29.152	27.428	125.885	344
1041	729	3662.920	184.683	129.085	31.062	29.882	102.228	344
1042	680	4991.868	40.405	122.196	30.067	28.796	136.127	345
1043	626	5065.624	111.780	122.302	28.990	27.494	127.280	345
1044	730	3680.735	184.751	128.931	31.124	29.864	93.104	345
1045	689	4895.558	40.388	122.548	30.036	29.207	135.904	346
1046	636	5016.113	111.778	122.438	29.049	27.876	123.869	346
1047	724	3665.888	184.730	129.012	31.043	29.696	91.450	346
1048	678	4919.220	40.372	122.396	29.751	29.016	136.167	347
1049	637	5056.542	111.754	122.521	29.336	27.647	124.307	347
1050	736	3684.965	184.731	129.141	31.167	30.067	93.479	347
1051	682	4871.448	40.338	122.681	29.805	29.134	144.828	348
1052	640	5005.977	111.772	122.681	29.303	27.809	116.089	348
1053	729	3675.032	184.675	129.076	31.173	29.775	95.657	348
1054	692	4901.454	40.337	122.454	30.187	29.188	131.406	349
1055	638	5024.761	111.729	122.573	29.169	27.849	127.268	349
1056	732	3686.650	184.681	128.849	31.093	29.975	95.619	349
1057	637	5069.667	111.763	122.652	29.087	27.883	119.000	350
1058	681	4950.685	40.340	122.652	30.177	28.733	132.021	350
1059	732	3682.570	184.664	128.822	31.038	30.028	100.768	350
1060	686	4937.648	40.378	122.999	30.082	29.035	125.544	351
1061	629	5070.602	111.795	122.933	29.166	27.459	119.431	351
1062	729	3695.360	184.698	129.002	30.979	29.962	96.732	351
1063	680	4881.661	40.401	123.021	29.851	29.004	136.345	352
1064	631	5044.174	111.778	122.983	29.251	27.466	127.760	352
1065	730	3676.349	184.704	129.034	31.128	29.860	97.325	352
1066	682	4960.198	40.396	122.895	29.902	29.040	124.659	353
1067	631	5048.345	111.794	122.900	29.205	27.510	130.011	353
1068	734	3680.561	184.699	128.804	31.088	30.062	91.328	353
1069	637	5073.316	111.817	122.781	29.287	27.694	119.690	354
1070	677	5005.749	40.423	122.959	29.911	28.818	125.288	354
1071	732	3692.830	184.712	128.745	31.148	29.922	97.240	354
1072	634	5030.208	111.834	122.992	29.277	27.572	120.646	355
1073	675	4993.502	40.428	122.999	29.829	28.812	128.361	355
1074	732	3681.411	184.726	128.926	31.123	29.946	90.032	355
1075	677	4975.427	40.427	123.227	29.823	28.903	126.672	356
1076	636	5020.080	111.836	123.140	29.120	27.808	118.059	356
1077	729	3662.994	184.690	129.029	31.155	29.793	94.132	356
1078	685	4927.251	40.475	123.184	29.918	29.152	125.920	357
1079	633	4998.503	111.875	123.030	29.242	27.562	121.641	357
1080	736	3670.161	184.742	128.961	31.349	29.892	96.671	357
1081	634	5108.562	111.886	123.106	29.091	27.749	122.013	358
1082	663	5096.261	40.504	123.400	29.375	28.738	125.197	358
1083	734	3694.271	184.734	128.861	31.104	30.046	98.534	358
1084	671	4991.554	40.483	123.371	29.795	28.674	128.713	359
1085	629	5077.034	111.875	123.237	29.147	27.477	127.208	359
1086	733	3680.618	184.738	128.956	30.934	30.171	97.307	359
1087	150	361.546	148.851	160.099	14.509	13.163	88.568	359
1088	677	4974.810	40.448	123.562	29.978	28.754	128.304	360
1089	622	5037.306	111.854	123.445	28.865	27.437	131.120	360
1090	727	3694.513	184.702	129.024	30.936	29.921	97.959	360
1091	152	353.800	148.878	160.292	14.356	13.481	103.753	360
1092	670	4974.987	40.430	123.535	29.817	28.611	129.055	361
1093	625	5054.034	111.836	123.373	29.299	27.161	126.834	361
1094	729	3681.170	184.652	128.911	31.053	29.891	93.212	361
1095	147	365.799	148.991	160.050	14.738	12.699	106.304	361
1096	675	5070.053	40.471	123.492	29.967	28.680	125.987	362
1097	627	5105.126	111.859	123.186	29.083	27.450	121.680	362
1098	730	3698.574	184.664	128.686	31.222	29.769	96.420	362
1099	155	363.528	148.940	160.012	15.181	13.000	109.892	362
1100	624	5103.566	111.844	123.270	29.085	27.317	125.268	363
1101	673	5032.275	40.443	123.636	29.997	28.566	124.823	363
1102	731	3680.276	184.641	128.708	31.127	29.901	96.317	363
1103	677	5005.121	40.486	123.564	30.157	28.583	131.524	364
1104	628	5081.863	111.889	123.429	29.059	27.516	127.562	364
1105	734	3699.233	184.673	128.819	31.042	30.106	95.841	364
1106	154	376.482	149.108	160.256	14.989	13.082	113.897	364
1107	637	5062.481	111.899	123.543	29.314	27.668	124.547	365
1108	669	5041.475	40.514	123.741	29.855	28.531	126.275	365
1109	725	3677.100	184.663	128.900	30.867	29.905	93.843	365
1110	636	5087.114	111.943	123.451	29.280	27.657	126.218	366
1111	678	5066.378	40.530	123.637	30.013	28.762	133.082	366
1112	732	3707.486	184.685	128.749	31.244	29.830	93.121	366
1113	154	367.324	149.299	160.169	15.055	13.024	100.562	366
1114	633	5073.678	111.978	123.378	29.186	27.615	123.825	367
1115	680	5003.419	40.596	123.693	30.225	28.646	123.994	367
1116	730	3695.624	184.743	128.647	31.167	29.822	92.758	367
1117	151	379.533	149.108	160.062	14.642	13.131	104.292	367
1118	633	5034.949	112.005	123.466	29.110	27.686	130.205	368
1119	680	4965.483	40.595	123.766	30.078	28.785	122.796	368
1120	733	3686.017	184.746	128.791	31.092	30.016	96.344	368
1121	154	379.115	149.177	160.247	14.802	13.247	101.076	368
1122	638	5053.676	111.969	123.648	29.361	27.667	125.622	369
1123	679	5015.670	40.589	123.831	30.002	28.816	123.053	369
1124	731	3692.668	184.745	128.911	31.169	29.861	93.058	369
1125	146	373.489	149.085	160.229	14.666	12.675	99.855	369
1126	631	5045.480	112.021	123.608	29.178	27.535	125.404	370
1127	672	5007.204	40.614	123.738	29.960	28.559	128.567	370
1128	734	3704.755	184.766	128.812	31.082	30.068	96.197	370
1129	148	369.022	149.059	160.258	14.801	12.731	107.989	370
1130	680	4978.883	40.677	123.771	29.975	28.884	123.187	371
1131	627	5031.315	112.027	123.607	29.039	27.492	124.898	371
1132	728	3689.713	184.770	128.683	31.155	29.752	97.013	371
1133	148	371.430	149.378	160.435	15.033	12.535	106.527	371
1134	635	5072.469	112.037	123.671	29.139	27.747	124.453	372
1135	674	5039.276	40.657	123.811	30.106	28.505	132.110	372
1136	732	3689.062	184.751	128.774	31.060	30.007	96.112	372
1137	147	375.017	149.417	160.348	14.919	12.546	99.717	372
1138	671	5031.278	40.635	124.044	30.014	28.465	127.720	373
1139	629	5047.172	112.034	123.793	29.229	27.400	126.535	373
1140	732	3675.705	184.759	128.863	31.192	29.880	89.871	373
1141	681	5025.106	40.667	124.093	30.159	28.750	127.093	374
1142	629	5017.726	112.046	123.823	29.059	27.560	130.587	374
1143	731	3688.143	184.768	128.809	30.978	30.045	90.833	374
1144	149	386.632	149.328	160.377	14.721	12.887	96.496	374
1145	633	5024.955	112.058	123.586	29.278	27.528	129.482	375
1146	677	4986.469	40.664	123.830	30.034	28.700	122.587	375
1147	731	3688.559	184.780	128.612	31.279	29.756	93.138	375
1148	149	364.986	149.452	160.066	14.856	12.770	99.137	375
1149	629	5016.214	112.049	123.735	29.139	27.485	129.160	376
1150	676	4991.168	40.675	123.875	29.952	28.737	130.297	376
1151	727	3665.968	184.797	128.584	30.982	29.877	98.308	376
1152	150	381.722	149.432	160.200	14.533	13.141	95.361	376
1153	681	4977.994	40.634	124.007	30.000	28.903	123.342	377
1154	636	5041.853	112.028	123.854	29.295	27.643	124.666	377
1155	732	3698.762	184.709	128.756	31.211	29.862	89.192	377
1156	151	386.458	149.348	160.370	14.501	13.258	104.363	377
1157	634	5053.342	112.029	123.956	29.250	27.598	122.136	378
1158	681	4999.915	40.637	124.007	30.129	28.779	125.173	378
1159	730	3678.802	184.718	128.697	31.220	29.772	96.120	378
1160	154	397.137	149.599	160.347	15.144	12.948	109.494	378
1161	629	5056.160	112.082	123.853	29.309	27.325	123.521	379
1162	677	5030.230	40.668	124.025	30.054	28.681	134.997	379
1163	733	3688.488	184.765	128.581	31.216	29.898	99.808	379
1164	150	401.288	149.512	160.396	14.577	13.102	108.102	379
1165	638	5049.607	112.112	123.716	29.336	27.691	125.133	380
1166	679	4965.750	40.718	123.878	30.063	28.757	133.776	380
1167	732	3692.352	184.791	128.466	31.260	29.815	91.651	380
1168	157	406.069	149.556	160.219	14.678	13.619	104.598	380
1169	687	4946.530	40.722	123.996	30.369	28.803	127.909	381
1170	646	5047.611	112.105	123.906	29.562	27.823	126.691	381
1171	729	3690.941	184.779	128.533	31.120	29.826	90.277	381
1172	147	384.080	149.458	160.416	14.348	13.045	93.927	381
1173	648	5014.301	112.121	123.893	29.526	27.943	119.398	382
1174	685	4877.995	40.757	124.082	30.243	28.839	124.716	382
1175	732	3679.631	184.791	128.607	31.099	29.970	93.860	382
1176	151	382.424	149.408	160.444	14.672	13.104	108.735	382
1177	645	5042.316	112.164	123.773	29.573	27.770	124.712	383
1178	681	4931.564	40.763	123.843	30.104	28.803	129.120	383
1179	735	3678.045	184.813	128.508	31.049	30.141	92.770	383
1180	147	383.506	149.447	160.133	14.676	12.753	109.273	383
1181	686	4935.956	40.827	123.724	30.212	28.911	134.044	384
1182	640	5049.257	112.199	123.614	29.281	27.830	127.584	384
1183	735	3679.670	184.838	128.421	31.213	29.982	101.011	384
1184	687	4892.868	40.863	123.894	30.115	29.046	130.811	385
1185	634	5037.048	112.185	123.831	29.149	27.693	128.300	385
1186	730	3685.007	184.856	128.484	31.119	29.868	89.224	385
1187	151	384.558	149.522	160.266	14.989	12.827	102.335	385
1188	680	5001.085	40.857	124.145	30.249	28.622	130.900	386
1189	637	5069.001	112.171	124.013	29.257	27.722	118.462	386
1190	731	3674.196	184.835	128.576	31.170	29.860	86.376	386
1191	689	4936.935	40.854	124.164	30.404	28.853	130.654	387
1192	636	5036.211	112.212	124.015	29.263	27.673	117.195	387
1193	730	3680.612	184.862	128.537	31.100	29.886	93.084	387
1194	150	380.587	149.633	160.365	14.360	13.300	115.134	387
1195	631	5056.998	112.205	123.776	29.054	27.652	127.286	388
1196	684	4978.874	40.857	123.900	30.431	28.619	133.733	388
1197	731	3679.627	184.849	128.325	30.938	30.084	98.614	388
1198	151	396.592	149.687	160.063	14.762	13.024	95.130	388
1199	681	5011.114	40.869	124.045	30.257	28.657	128.738	389
1200	628	5065.673	112.194	123.918	29.127	27.452	128.687	389
1201	732	3692.112	184.869	128.250	31.102	29.966	96.071	389
1202	153	394.494	149.795	160.244	14.975	13.009	97.080	389
1203	682	5002.126	40.780	124.039	30.250	28.706	135.217	390
1204	631	5074.702	112.161	123.926	28.885	27.814	130.635	390
1205	731	3695.764	184.782	128.312	31.102	29.925	89.232	390
1206	154	394.426	149.833	160.367	15.048	13.030	107.638	390
1207	689	4912.679	40.813	123.964	30.519	28.745	127.507	391
1208	637	5028.826	112.154	123.867	29.017	27.951	124.748	391
1209	734	3693.179	184.770	128.280	31.366	29.796	94.241	391
1210	147	399.384	149.676	160.194	14.852	12.602	107.419	391
1211	686	4969.101	40.788	123.877	30.325	28.802	128.150	392
1212	636	5070.328	112.166	123.781	28.977	27.946	121.904	392
1213	737	3686.557	184.799	128.131	31.219	30.058	95.302	392
1214	149	395.678	149.646	159.965	14.179	13.380	107.301	392
1215	681	5015.686	40.827	123.842	30.310	28.607	133.035	393
1216	631	5084.032	112.186	123.712	29.151	27.560	130.217	393
1217	733	3667.207	184.813	128.005	31.155	29.956	93.521	393
1218	150	399.111	149.664	160.028	14.816	12.891	103.857	393
1219	680	5035.299	40.777	123.885	30.268	28.605	130.531	394
1220	635	5101.105	112.138	123.808	29.212	27.678	131.448	394
1221	736	3680.733	184.773	128.166	31.190	30.045	93.217	394
1222	148	379.231	149.613	159.995	14.695	12.823	113.787	394
1223	680	4988.733	40.764	123.963	30.263	28.609	129.697	395
1224	627	5078.062	112.126	123.860	28.796	27.724	123.307	395
1225	734	3673.191	184.724	128.250	31.202	29.952	94.806	395
1226	155	391.402	149.592	160.235	14.788	13.345	115.739	395
1227	679	4947.335	40.768	123.892	30.353	28.483	135.032	396
1228	634	5054.670	112.134	123.788	29.055	27.783	133.247	396
1229	736	3682.651	184.729	128.061	31.133	30.100	97.761	396
1230	152	381.613	149.748	160.124	14.895	12.993	109.409	396
1231	687	4986.025	40.832	123.766	30.342	28.828	126.349	397
1232	636	5055.109	112.203	123.709	29.046	27.879	128.072	397
1233	731	3664.342	184.768	127.924	31.200	29.832	86.730	397
1234	151	403.362	149.803	160.166	14.810	12.982	115.091	397
1235	682	4974.976	40.817	123.918	30.314	28.645	125.764	398
1236	631	5050.605	112.222	123.825	29.155	27.556	129.760	398
1237	737	3683.601	184.778	128.031	31.332	29.950	90.361	398
1238	154	390.807	149.839	160.146	15.174	12.922	107.499	398
1239	692	4930.725	40.852	123.926	30.406	28.978	130.693	399
1240	633	5028.503	112.213	123.909	29.181	27.619	128.732	399
1241	736	3665.023	184.792	128.140	31.348	29.893	93.870	399
1242	155	401.053	149.828	160.277	14.779	13.354	117.021	399
1243	690	4993.403	40.864	123.951	30.272	29.022	135.326	400
1244	635	5075.936	112.215	123.932	29.064	27.819	128.012	400
1245	739	3673.612	184.819	128.054	31.316	30.046	95.784	400
1246	149	387.387	149.815	160.180	14.588	13.005	100.565	400
1247	687	4978.624	40.899	123.795	30.415	28.759	131.696	401
1248	634	5054.822	112.245	123.837	29.057	27.781	129.900	401
1249	733	3668.787	184.828	127.848	31.038	30.069	88.693	401
1250	148	393.877	149.909	159.970	14.690	12.828	110.868	401
1251	684	5001.286	40.886	123.800	30.298	28.744	132.275	402
1252	637	5073.780	112.255	123.805	29.149	27.824	129.495	402
1253	732	3674.130	184.797	127.825	31.088	29.980	89.016	402
1254	155	417.900	149.809	159.967	15.104	13.067	108.157	402
1255	687	4983.494	40.870	124.013	30.345	28.825	132.607	403
1256	633	5076.489	112.214	124.018	29.129	27.669	131.442	403
1257	732	3667.984	184.746	127.975	31.297	29.779	91.980	403
1258	151	391.642	150.039	160.127	14.972	12.841	109.503	403
1259	687	5006.817	40.834	123.870	30.401	28.773	129.506	404
1260	622	5081.823	112.192	123.934	28.755	27.541	132.315	404
1261	734	3671.069	184.720	127.840	31.110	30.041	86.305	404
1262	155	398.622	149.911	160.103	15.266	12.928	118.768	404
1263	684	5006.216	40.838	123.679	30.299	28.744	127.721	405
1264	630	5116.004	112.181	123.757	28.790	27.861	139.907	405
1265	728	3673.104	184.771	127.552	31.079	29.824	92.446	405
1266	696	4897.826	40.887	123.468	30.496	29.059	124.648	406
1267	636	5051.378	112.220	123.533	28.961	27.961	125.628	406
1268	732	3675.897	184.812	127.449	31.136	29.933	99.037	406
1269	153	395.623	149.773	159.629	14.719	13.235	102.674	406
1270	697	4919.431	40.884	123.618	30.616	28.986	128.400	407
1271	643	5076.096	112.222	123.750	29.245	27.994	122.757	407
1272	737	3675.508	184.761	127.527	31.176	30.099	86.985	407
1273	151	400.605	149.805	159.760	14.628	13.143	104.983	407
1274	686	4914.378	40.868	123.757	30.533	28.606	129.415	408
1275	635	5033.470	112.202	123.800	28.985	27.894	138.931	408
1276	730	3658.269	184.785	127.566	31.075	29.910	93.912	408
1277	151	409.437	149.893	159.966	14.563	13.202	99.909	408
1278	692	4969.292	40.902	123.681	30.540	28.850	129.640	409
1279	637	5079.523	112.210	123.632	28.901	28.063	130.096	409
1280	732	3680.461	184.792	127.442	31.233	29.840	94.725	409
1281	156	412.887	149.962	159.841	14.678	13.533	101.539	409
1282	693	4937.586	40.901	123.548	30.359	29.064	124.478	410
1283	637	5062.027	112.244	123.581	29.084	27.887	135.276	410
1284	737	3682.326	184.821	127.337	31.179	30.096	95.131	410
1285	150	396.332	149.968	159.623	14.867	12.846	100.970	410
1286	692	4927.317	40.932	123.627	30.512	28.877	121.001	411
1287	635	5062.403	112.269	123.614	28.880	27.996	134.374	411
1288	730	3660.145	184.816	127.413	31.179	29.810	102.359	411
1289	150	397.110	149.922	159.686	14.805	12.901	101.854	411
1290	696	4949.446	40.903	123.730	30.517	29.039	129.045	412
1291	636	5087.861	112.256	123.842	28.990	27.933	130.127	412
1292	732	3665.331	184.789	127.530	31.241	29.833	98.453	412
1293	150	404.722	149.882	159.952	14.374	13.287	98.662	412
1294	684	4985.061	40.932	123.742	30.354	28.691	122.885	413
1295	636	5122.821	112.269	123.782	28.941	27.980	136.417	413
1296	728	3661.318	184.845	127.437	30.959	29.940	87.487	413
1297	154	420.467	149.991	159.831	14.844	13.209	106.812	413
1298	692	4953.400	40.984	123.524	30.491	28.896	126.187	414
1299	638	5097.981	112.316	123.604	28.950	28.060	135.230	414
1300	735	3683.744	184.914	127.279	31.011	30.177	94.610	414
1301	146	395.614	150.043	159.793	14.287	13.011	107.876	414
1302	687	5010.536	40.996	123.464	30.376	28.796	126.380	415
1303	628	5156.868	112.331	123.543	28.723	27.838	129.342	415
1304	731	3679.137	184.847	127.227	31.190	29.841	99.248	415
1305	147	403.213	150.022	159.554	14.510	12.899	101.014	415
1306	691	4992.739	40.976	123.602	30.397	28.944	126.517	416
1307	634	5139.378	112.317	123.655	28.827	28.002	132.572	416
1308	730	3685.965	184.872	127.362	31.037	29.947	100.194	416
1309	144	396.582	150.016	159.719	14.498	12.646	111.275	416
1310	681	5018.189	40.952	123.516	30.238	28.675	128.074	417
1311	621	5133.624	112.284	123.607	28.560	27.685	128.034	417
1312	736	3704.433	184.839	127.233	31.149	30.085	102.298	417
1313	154	413.510	150.135	159.639	15.270	12.841	108.137	417
1314	679	5001.286	40.988	123.256	30.125	28.699	130.431	418
1315	626	5135.484	112.294	123.360	28.677	27.794	134.480	418
1316	733	3692.387	184.889	126.953	31.181	29.931	99.907	418
1317	154	421.984	150.073	159.282	15.055	13.025	103.399	418
1318	679	5056.045	40.973	123.230	30.313	28.520	133.478	419
1319	621	5169.783	112.336	123.297	28.680	27.570	132.725	419
1320	732	3704.909	184.881	126.795	30.985	30.079	91.963	419
1321	145	403.686	150.106	159.201	14.686	12.571	110.404	419
1322	679	5046.746	40.965	123.252	30.202	28.625	126.424	420
1323	623	5196.762	112.318	123.295	28.702	27.636	136.630	420
1324	728	3707.128	184.852	126.893	31.075	29.829	92.545	420
1325	153	417.097	150.054	159.216	14.814	13.150	106.014	420
1326	686	5003.029	40.957	123.273	30.461	28.674	133.062	421
1327	627	5152.615	112.333	123.362	28.662	27.853	131.792	421
1328	736	3696.619	184.837	126.858	31.161	30.073	92.442	421
1329	154	423.115	149.907	159.363	14.645	13.389	98.900	421
1330	686	5034.438	41.032	123.107	30.182	28.939	130.818	422
1331	629	5165.023	112.347	123.213	28.706	27.899	136.679	422
1332	734	3697.752	184.886	126.658	31.239	29.916	89.871	422
1333	151	406.299	150.026	159.034	14.419	13.334	95.766	422
1334	678	5019.355	41.052	122.898	30.051	28.727	134.098	423
1335	627	5152.010	112.406	122.980	28.757	27.761	133.888	423
1336	729	3690.006	184.913	126.433	31.132	29.815	91.661	423
1337	149	419.541	150.197	158.921	14.638	12.960	101.446	423
1338	688	4979.854	41.039	122.826	30.319	28.892	128.789	424
1339	631	5128.843	112.398	122.978	28.842	27.856	141.237	424
1340	735	3672.444	184.917	126.459	31.122	30.069	91.461	424
1341	150	396.563	150.275	158.905	14.654	13.033	102.190	424
1342	686	4969.716	41.033	122.923	30.294	28.832	133.800	425
1343	627	5107.914	112.373	123.103	28.603	27.911	117.335	425
1344	738	3678.150	184.906	126.604	31.257	30.062	92.135	425
1345	157	409.335	150.156	159.266	15.133	13.209	103.575	425
1346	685	4985.000	41.070	122.991	30.207	28.873	133.689	426
1347	629	5160.988	112.402	123.139	28.542	28.060	136.348	426
1348	734	3672.135	184.934	126.554	31.104	30.046	90.664	426
1349	146	403.957	150.126	159.106	14.590	12.741	98.702	426
1350	685	5020.815	41.106	122.779	30.187	28.892	128.309	427
1351	624	5158.495	112.416	122.937	28.825	27.563	143.331	427
1352	733	3697.591	184.952	126.333	31.203	29.910	94.021	427
1353	157	417.237	150.210	158.851	14.980	13.344	97.240	427
1354	685	4999.685	41.109	122.734	30.120	28.956	124.386	428
1355	632	5165.631	112.425	122.886	28.785	27.955	128.384	428
1356	733	3697.317	184.942	126.325	31.266	29.850	97.351	428
1357	687	4997.880	41.070	122.733	30.422	28.752	133.039	429
1358	629	5181.020	112.399	122.886	28.910	27.702	133.866	429
1359	734	3697.633	184.928	126.375	31.188	29.966	98.497	429
1360	146	417.526	150.079	158.840	14.749	12.604	99.481	429
1361	687	4995.188	41.042	122.641	30.336	28.834	131.718	430
1362	620	5172.879	112.388	122.877	28.418	27.779	148.903	430
1363	734	3688.428	184.930	126.289	31.031	30.117	100.795	430
1364	148	404.305	150.224	158.831	14.761	12.766	107.714	430
1365	681	5002.976	41.075	122.317	30.194	28.717	137.269	431
1366	619	5170.314	112.387	122.625	28.477	27.677	129.675	431
1367	729	3693.653	184.913	125.955	31.137	29.810	95.838	431
1368	152	424.180	150.281	158.435	14.893	12.995	109.121	431
1369	678	5027.196	41.089	122.201	30.066	28.712	134.655	432
1370	626	5188.607	112.420	122.469	28.456	28.010	126.110	432
1371	731	3704.306	184.920	125.813	31.055	29.970	94.916	432
1372	146	415.519	150.175	158.393	14.262	13.035	96.333	432
1373	679	5025.029	41.110	122.131	29.973	28.843	131.378	433
1374	628	5194.442	112.429	122.491	28.619	27.939	90.647	433
1375	738	3708.482	184.944	125.772	31.170	30.146	91.366	433
1376	144	411.873	150.320	158.352	14.695	12.477	109.244	433
1377	685	4995.191	41.123	122.189	30.029	29.044	135.047	434
1378	630	5172.292	112.431	122.505	28.591	28.055	116.333	434
1379	729	3692.205	184.921	125.806	31.079	29.865	91.032	434
1380	147	420.259	150.257	158.282	14.410	12.989	102.197	434
1381	680	5037.752	41.136	122.038	29.902	28.955	123.557	435
1382	631	5226.160	112.451	122.349	28.621	28.070	118.611	435
1383	729	3700.316	184.977	125.523	31.079	29.865	90.001	435
1384	152	423.228	150.207	158.009	14.699	13.167	102.622	435
1385	680	5026.883	41.089	122.581	30.028	28.833	133.038	436
1386	625	5198.317	112.397	122.888	28.425	27.995	131.852	436
1387	737	3731.975	184.901	126.170	31.133	30.141	88.472	436
1388	155	443.724	150.382	159.005	14.945	13.205	102.762	436
1389	678	5025.977	41.053	123.086	30.046	28.731	136.223	437
1390	624	5215.222	112.358	123.355	28.498	27.879	107.228	437
1391	725	3732.362	184.899	126.436	31.075	29.706	96.750	437
1392	150	423.506	150.196	159.025	14.235	13.416	99.546	437
1393	680	5018.158	40.950	123.720	30.018	28.842	134.670	438
1394	626	5203.911	112.299	123.877	28.295	28.169	118.185	438
1395	729	3753.373	184.836	127.206	31.078	29.866	94.379	438
1396	150	414.805	150.245	159.760	14.901	12.817	103.434	438
1397	689	5063.142	40.986	123.844	30.212	29.037	130.135	439
1398	627	5226.320	112.290	123.975	28.461	28.049	153.104	439
1399	729	3769.339	184.845	127.458	31.151	29.796	86.720	439
1400	159	424.091	150.065	160.093	15.211	13.309	103.557	439
1401	673	5094.577	40.836	124.063	30.061	28.505	132.170	440
1402	623	5233.928	112.138	124.311	28.394	27.937	108.044	440
1403	720	3759.184	184.731	127.792	30.905	29.663	94.021	440
1404	153	410.040	150.031	160.225	14.868	13.102	110.903	440
1405	675	5054.577	40.798	124.265	29.806	28.834	140.166	441
1406	623	5203.807	112.110	124.599	28.445	27.886	127.145	441
1407	728	3777.648	184.686	128.193	31.206	29.704	99.382	441
1408	157	421.030	150.068	160.627	15.150	13.195	110.875	441
1409	678	5083.411	40.754	124.349	30.060	28.718	139.312	442
1410	617	5213.220	112.114	124.548	28.339	27.721	124.873	442
1411	733	3755.770	184.711	128.246	31.149	29.962	97.123	442
1412	156	416.406	149.852	160.404	14.466	13.730	99.639	442
1413	683	5028.626	40.726	124.518	30.136	28.856	128.209	443
1414	629	5187.717	112.094	124.678	28.585	28.017	128.081	443
1415	731	3746.525	184.682	128.599	31.100	29.928	99.636	443
1416	155	419.712	149.789	160.685	14.944	13.206	94.548	443
1417	681	5094.427	40.571	124.321	30.332	28.586	127.554	444
1418	624	5193.839	111.941	124.440	28.689	27.694	114.785	444
1419	730	3757.347	184.604	128.453	31.124	29.864	101.214	444
1420	663	5149.891	40.524	124.375	29.871	28.260	135.650	445
1421	622	5226.645	111.900	124.503	28.563	27.727	115.458	445
1422	728	3726.751	184.587	128.705	31.174	29.734	99.818	445
1423	157	397.629	149.456	160.832	15.175	13.173	103.916	445
1424	680	5011.228	40.462	124.099	30.242	28.629	130.220	446
1425	630	5155.019	111.836	124.408	28.808	27.845	118.983	446
1426	732	3730.703	184.574	128.748	31.206	29.866	90.461	446
1427	156	398.766	149.234	160.835	15.294	12.987	99.778	446
1428	685	4997.858	40.446	123.901	30.266	28.817	131.150	447
1429	631	5144.803	111.850	123.946	28.951	27.751	126.275	447
1430	732	3726.753	184.543	128.640	31.149	29.921	94.457	447
1431	683	4980.753	40.337	124.142	30.236	28.761	127.034	448
1432	626	5114.970	111.741	124.141	28.648	27.822	119.037	448
1433	731	3707.537	184.525	128.962	31.176	29.854	95.326	448
1434	689	4997.929	40.327	123.638	30.413	28.845	129.389	449
1435	635	5169.883	111.739	123.606	28.844	28.030	123.720	449
1436	727	3738.448	184.533	128.825	31.023	29.838	95.258	449
1437	155	375.091	149.090	160.594	15.390	12.823	106.739	449
1438	678	5048.695	40.230	123.712	30.278	28.511	128.862	450
1439	630	5129.503	111.629	123.685	28.979	27.680	127.270	450
1440	732	3738.275	184.472	128.803	31.243	29.831	101.086	450
1441	152	367.568	149.025	160.384	15.060	12.850	110.941	450
1442	515	8942.607	40.326	123.547	25.996	25.224	86.378	451
1443	506	9190.734	111.753	123.776	25.703	25.066	67.813	451
1444	547	6050.115	184.836	129.031	27.422	25.398	111.544	451
1445	678	5118.053	40.184	123.924	30.372	28.423	128.973	452
1446	607	5269.982	111.614	123.920	28.402	27.212	124.981	452
1447	720	3834.386	184.398	128.943	31.202	29.381	95.257	452
1448	157	384.972	149.034	160.602	15.555	12.851	104.481	452
1449	819	2495.477	40.030	123.456	33.160	31.447	126.156	453
1450	788	2559.539	111.329	123.462	32.252	31.109	121.795	453
1451	820	1992.123	184.014	128.624	33.815	30.876	123.888	453
1452	517	8545.626	40.388	123.953	26.030	25.288	93.461	454
1453	506	8989.347	111.834	123.837	25.782	24.989	78.810	454
1454	550	6052.801	184.951	129.115	27.553	25.416	112.422	454
1455	678	5087.218	40.253	123.152	30.268	28.520	127.224	455
1456	617	5171.919	111.652	123.350	28.771	27.305	128.225	455
1457	722	3809.258	184.541	128.754	31.067	29.590	100.261	455
1458	839	2434.284	40.200	123.015	33.711	31.689	121.796	456
1459	783	2512.981	111.505	122.906	32.125	31.034	119.568	456
1460	829	2006.862	184.185	128.330	33.797	31.231	119.457	456
1461	520	8420.464	40.562	123.623	26.065	25.402	91.183	457
1462	504	8863.181	111.979	123.518	25.517	25.149	93.827	457
1463	551	6037.543	185.118	128.845	27.668	25.356	116.385	457
1464	674	5019.829	40.371	123.442	29.971	28.633	128.850	458
1465	628	5160.584	111.766	123.316	28.935	27.634	123.824	458
1466	723	3832.711	184.604	128.660	31.058	29.639	99.860	458
1467	830	2467.645	40.182	123.150	33.479	31.565	126.135	459
1468	779	2477.366	111.446	123.075	31.984	31.011	127.420	459
1469	824	1971.370	184.138	128.429	33.790	31.049	121.382	459
1470	517	8649.611	40.575	123.487	25.936	25.380	93.636	460
1471	504	9031.378	111.997	123.647	25.622	25.045	68.868	460
1472	550	6073.170	185.178	128.837	27.789	25.200	113.991	460
1473	674	5134.709	40.493	123.431	30.301	28.321	122.528	461
1474	613	5266.980	111.878	123.488	28.772	27.127	128.663	461
1475	723	3827.315	184.737	128.562	31.133	29.568	99.285	461
1476	829	2476.014	40.299	122.678	33.403	31.599	117.079	462
1477	788	2559.371	111.601	122.974	32.293	31.069	125.048	462
1478	821	1983.025	184.359	128.024	33.822	30.907	120.663	462
1479	521	8611.117	40.592	123.811	26.172	25.347	91.259	463
1480	510	9022.327	112.005	123.737	25.817	25.152	82.615	463
1481	551	6129.016	185.244	128.422	27.764	25.269	111.422	463
1482	658	5238.690	40.450	123.283	30.178	27.762	126.050	464
1483	599	5352.971	111.814	123.559	28.420	26.836	127.253	464
1484	723	3915.135	184.731	128.186	31.219	29.487	95.412	464
1485	820	2573.453	40.283	123.222	33.185	31.462	124.844	465
1486	772	2591.663	111.555	123.189	31.792	30.918	124.669	465
1487	823	2027.032	184.304	127.957	33.684	31.109	120.008	465
1488	518	8597.815	40.567	123.647	26.109	25.261	92.496	466
1489	509	9088.956	111.958	123.656	25.781	25.138	74.503	466
1490	548	6292.165	185.167	128.587	27.458	25.411	117.293	466
1491	660	5177.411	40.408	123.294	29.837	28.164	132.042	467
1492	598	5366.721	111.786	123.530	28.367	26.841	130.845	467
1493	714	3996.962	184.693	128.347	30.985	29.339	102.140	467
1494	821	2539.091	40.306	122.874	33.316	31.377	120.119	468
1495	775	2618.375	111.571	123.042	31.922	30.912	126.444	468
1496	815	2078.499	184.342	128.036	33.459	31.014	122.645	468
1497	516	8592.584	40.635	123.899	26.109	25.163	96.933	469
1498	505	9037.542	112.071	123.920	25.719	25.000	79.982	469
1499	547	6435.410	185.265	128.803	27.571	25.261	114.105	469
1500	606	5291.115	111.912	123.597	28.655	26.927	126.521	470
1501	665	5160.814	40.493	123.580	29.943	28.277	126.102	470
1502	700	4015.886	184.806	128.506	30.704	29.028	108.688	470
1503	814	2553.024	40.383	123.561	33.066	31.344	122.451	471
1504	776	2608.228	111.649	123.491	32.133	30.748	117.333	471
1505	809	2080.889	184.444	128.266	33.313	30.920	122.163	471
1506	519	8651.279	40.591	123.605	26.201	25.221	95.626	472
1507	505	9154.275	111.976	123.842	25.659	25.059	70.916	472
1508	549	6498.601	185.210	128.722	27.558	25.365	113.410	472
1509	680	5053.428	40.467	123.849	30.262	28.611	121.958	473
1510	611	5267.974	111.841	123.877	28.756	27.054	127.743	473
1511	695	4081.302	184.722	128.661	30.792	28.738	103.812	473
1512	827	2465.203	40.360	123.424	33.185	31.731	127.386	474
1513	772	2556.008	111.620	123.388	31.887	30.826	123.701	474
1514	809	2119.934	184.434	128.373	33.326	30.908	121.970	474
1515	518	8739.597	40.622	123.710	26.134	25.237	84.183	475
1516	507	9224.823	112.024	123.740	25.851	24.971	68.830	475
1517	550	6597.012	185.216	128.864	27.542	25.426	118.318	475
1518	669	5173.333	40.546	123.540	30.264	28.146	126.130	476
1519	597	5370.036	111.956	123.561	28.289	26.870	131.484	476
1520	684	4149.338	184.831	128.613	30.629	28.434	111.403	476
1521	817	2575.185	40.425	123.081	33.168	31.363	117.710	477
1522	771	2672.471	111.674	123.063	31.681	30.986	111.744	477
1523	807	2183.181	184.508	128.163	33.367	30.794	120.823	477
1524	517	8904.616	40.749	123.857	26.221	25.104	87.013	478
1525	505	9332.575	112.147	123.737	25.900	24.825	63.943	478
1526	556	6667.365	185.392	128.693	27.827	25.440	113.223	478
1527	669	5204.253	40.542	123.744	30.092	28.307	121.509	479
1528	591	5518.426	111.976	123.700	28.001	26.874	126.801	479
1529	678	4187.696	184.889	128.626	30.867	27.967	103.686	479
1530	807	2655.753	40.427	123.354	32.784	31.342	121.512	480
1531	765	2720.671	111.695	123.222	31.703	30.724	126.885	480
1532	800	2194.856	184.563	128.421	33.103	30.770	120.661	480
